-1308.81482029,1751.46218212
-1308.66097065,1751.33439183
-1308.50711513,1751.20660864
-1308.35324784,1751.07883968
-1308.19936287,1750.95109205
-1308.04545435,1750.82337287
-1307.89151638,1750.69568925
-1307.73754308,1750.56804829
-1307.58352856,1750.44045711
-1307.42946692,1750.31292283
-1307.27535228,1750.18545255
-1307.12117940,1750.05805261
-1306.96694739,1749.93072413
-1306.81265721,1749.80346607
-1306.65830978,1749.67627739
-1306.50390605,1749.54915701
-1306.34944696,1749.42210391
-1306.19493345,1749.29511702
-1306.04036647,1749.16819529
-1305.88574696,1749.04133767
-1305.73107586,1748.91454312
-1305.57635425,1748.78781039
-1305.42158520,1748.66113577
-1305.26677319,1748.53451372
-1305.11192272,1748.40793869
-1304.95703830,1748.28140513
-1304.80212444,1748.15490747
-1304.64718566,1748.02844016
-1304.49222646,1747.90199763
-1304.33725134,1747.77557433
-1304.18226483,1747.64916470
-1304.02727154,1747.52276304
-1303.87228011,1747.39635885
-1303.71730404,1747.26993574
-1303.56235714,1747.14347700
-1303.40745320,1747.01696591
-1303.25260604,1746.89038574
-1303.09782946,1746.76371977
-1302.94313725,1746.63695128
-1302.78854322,1746.51006354
-1302.63406118,1746.38303983
-1302.47970485,1746.25586351
-1302.32548036,1746.12852721
-1302.17137912,1746.00104144
-1302.01739089,1745.87341873
-1301.86350540,1745.74567165
-1301.70971241,1745.61781271
-1301.55600166,1745.48985448
-1301.40236290,1745.36180949
-1301.24878588,1745.23369028
-1301.09526035,1745.10550940
-1300.94177605,1744.97727939
-1300.78832372,1744.84901156
-1300.63489836,1744.72071188
-1300.48149611,1744.59238489
-1300.32811312,1744.46403513
-1300.17474555,1744.33566715
-1300.02138953,1744.20728548
-1299.86804122,1744.07889467
-1299.71469676,1743.95049924
-1299.56135230,1743.82210375
-1299.40800399,1743.69371272
-1299.25464784,1743.56533089
-1299.10127878,1743.43696432
-1298.94789126,1743.30861972
-1298.79447971,1743.18030380
-1298.64103857,1743.05202328
-1298.48756228,1742.92378488
-1298.33404527,1742.79559530
-1298.18048199,1742.66746125
-1298.02686687,1742.53938946
-1297.87319434,1742.41138663
-1297.71945910,1742.28345916
-1297.56566578,1742.15560152
-1297.41183181,1742.02779272
-1297.25797549,1741.90001077
-1297.10411511,1741.77223367
-1296.95026895,1741.64443943
-1296.79645531,1741.51660605
-1296.64269247,1741.38871154
-1296.48899874,1741.26073390
-1296.33539238,1741.13265113
-1296.18189170,1741.00444125
-1296.02851337,1740.87608441
-1295.87527079,1740.74756519
-1295.72217697,1740.61886869
-1295.56924488,1740.48998003
-1295.41648752,1740.36088432
-1295.26391790,1740.23156667
-1295.11154899,1740.10201220
-1294.95939379,1739.97220601
-1294.80746530,1739.84213323
-1294.65577651,1739.71177896
-1294.50434139,1739.58112753
-1294.35317839,1739.45015976
-1294.20230717,1739.31885547
-1294.05174740,1739.18719450
-1293.90151874,1739.05515668
-1293.75164086,1738.92272185
-1293.60213344,1738.78986982
-1293.45301613,1738.65658044
-1293.30430861,1738.52283353
-1293.15603054,1738.38860894
-1293.00820162,1738.25388664
-1292.86084173,1738.11864856
-1292.71397088,1737.98287784
-1292.56760912,1737.84655767
-1292.42177646,1737.70967121
-1292.27649293,1737.57220165
-1292.13177855,1737.43413215
-1291.98765335,1737.29544589
-1291.84413735,1737.15612605
-1291.70125058,1737.01615580
-1291.55901325,1736.87551820
-1291.41745317,1736.73419192
-1291.27660803,1736.59214986
-1291.13651621,1736.44936455
-1290.99721606,1736.30580851
-1290.85874596,1736.16145427
-1290.72114427,1736.01627434
-1290.58444937,1735.87024127
-1290.44869961,1735.72332756
-1290.31393337,1735.57550574
-1290.18018901,1735.42674833
-1290.04750679,1735.27702844
-1289.91593514,1735.12632161
-1289.78552471,1734.97460408
-1289.65632613,1734.82185206
-1289.52839003,1734.66804177
-1289.40176707,1734.51314946
-1289.27650788,1734.35715133
-1289.15266310,1734.20002360
-1289.03028336,1734.04174252
-1288.90941932,1733.88228429
-1288.79012182,1733.72162539
-1288.67244786,1733.55974923
-1288.55646123,1733.39664685
-1288.44222606,1733.23230974
-1288.32980648,1733.06672934
-1288.21926664,1732.89989713
-1288.11067068,1732.73180456
-1288.00408272,1732.56244310
-1287.89956690,1732.39180422
-1287.79718737,1732.21987937
-1287.69700825,1732.04666002
-1287.59908705,1731.87214334
-1287.50345267,1731.69635113
-1287.41012631,1731.51931182
-1287.31912915,1731.34105386
-1287.23048239,1731.16160566
-1287.14420721,1730.98099567
-1287.06032482,1730.79925231
-1286.97885640,1730.61640403
-1286.89982314,1730.43247925
-1286.82324624,1730.24750642
-1286.74914725,1730.06151410
-1286.67755427,1729.87453356
-1286.60850107,1729.68659836
-1286.54202161,1729.49774215
-1286.47814985,1729.30799858
-1286.41691976,1729.11740130
-1286.35836530,1728.92598396
-1286.30252044,1728.73378020
-1286.24941913,1728.54082368
-1286.19909534,1728.34714804
-1286.15158293,1728.15278694
-1286.10687943,1727.95777772
-1286.06489365,1727.76216670
-1286.02552107,1727.56600154
-1285.98865716,1727.36932990
-1285.95419741,1727.17219947
-1285.92203729,1726.97465790
-1285.89207229,1726.77675286
-1285.86419789,1726.57853202
-1285.83830956,1726.38004305
-1285.81430280,1726.18133361
-1285.79207608,1725.98244884
-1285.77155370,1725.78341215
-1285.75267307,1725.58423592
-1285.73537172,1725.38493241
-1285.71958716,1725.18551392
-1285.70525693,1724.98599273
-1285.69231853,1724.78638110
-1285.68070949,1724.58669133
-1285.67036733,1724.38693569
-1285.66122958,1724.18712647
-1285.65323366,1723.98727591
-1285.64630649,1723.78739347
-1285.64035475,1723.58748318
-1285.63528279,1723.38754846
-1285.63099500,1723.18759272
-1285.62739574,1722.98761939
-1285.62438936,1722.78763187
-1285.62188025,1722.58763360
-1285.61977277,1722.38762799
-1285.61797128,1722.18761845
-1285.61638016,1721.98760840
-1285.61490972,1721.78760101
-1285.61352659,1721.58759710
-1285.61222835,1721.38759618
-1285.61101293,1721.18759775
-1285.60987824,1720.98760131
-1285.60882220,1720.78760636
-1285.60784272,1720.58761240
-1285.60693771,1720.38761894
-1285.60610510,1720.18762548
-1285.60534280,1719.98763152
-1285.60464872,1719.78763656
-1285.60401981,1719.58764028
-1285.60345076,1719.38764280
-1285.60293594,1719.18764429
-1285.60246972,1718.98764493
-1285.60204646,1718.78764488
-1285.60166054,1718.58764432
-1285.60130631,1718.38764343
-1285.60097815,1718.18764238
-1285.60067042,1717.98764133
-1285.60037750,1717.78764047
-1285.60009469,1717.58763993
-1285.59982110,1717.38763969
-1285.59955673,1717.18763970
-1285.59930162,1716.98763990
-1285.59905578,1716.78764023
-1285.59881924,1716.58764064
-1285.59859202,1716.38764107
-1285.59837413,1716.18764147
-1285.59816560,1715.98764177
-1285.59796645,1715.78764194
-1285.59777781,1715.58764191
-1285.59760859,1715.38764172
-1285.59747106,1715.18764142
-1285.59737747,1714.98764109
-1285.59734011,1714.78764077
-1285.59737124,1714.58764053
-1285.59748313,1714.38764043
-1285.59768805,1714.18764053
-1285.59799828,1713.98764089
-1285.59842608,1713.78764156
-1285.59898335,1713.58764261
-1285.59967065,1713.38764406
-1285.60047549,1713.18764588
-1285.60138461,1712.98764804
-1285.60238479,1712.78765051
-1285.60346279,1712.58765326
-1285.60460537,1712.38765626
-1285.60579931,1712.18765948
-1285.60703136,1711.98766290
-1285.60828828,1711.78766648
-1285.60955687,1711.58767019
-1285.61082797,1711.38767401
-1285.61210248,1711.18767795
-1285.61338280,1710.98768199
-1285.61467132,1710.78768615
-1285.61597046,1710.58769042
-1285.61728261,1710.38769480
-1285.61861017,1710.18769929
-1285.61995555,1709.98770391
-1285.62132114,1709.78770863
-1285.62270936,1709.58771348
-1285.62412277,1709.38771845
-1285.62556508,1709.18772358
-1285.62704040,1708.98772892
-1285.62855285,1708.78773454
-1285.63010655,1708.58774047
-1285.63170563,1708.38774678
-1285.63335420,1708.18775352
-1285.63505637,1707.98776074
-1285.63681628,1707.78776848
-1285.63863804,1707.58777682
-1285.64052552,1707.38778579
-1285.64247807,1707.18779539
-1285.64449113,1706.98780559
-1285.64656002,1706.78781633
-1285.64868005,1706.58782758
-1285.65084655,1706.38783929
-1285.65305483,1706.18785142
-1285.65530019,1705.98786392
-1285.65757797,1705.78787676
-1285.65988347,1705.58788987
-1285.66221201,1705.38790323
-1285.66455775,1705.18791677
-1285.66691089,1704.98793040
-1285.66926077,1704.78794402
-1285.67159673,1704.58795750
-1285.67390812,1704.38797075
-1285.67618426,1704.18798367
-1285.67841452,1703.98799613
-1285.68058823,1703.78800805
-1285.68269473,1703.58801930
-1285.68472337,1703.38802979
-1285.68666428,1703.18803941
-1285.68851853,1702.98804817
-1285.69029500,1702.78805618
-1285.69200275,1702.58806352
-1285.69365084,1702.38807029
-1285.69524834,1702.18807659
-1285.69680430,1701.98808249
-1285.69832778,1701.78808811
-1285.69982785,1701.58809354
-1285.70131357,1701.38809886
-1285.70279400,1701.18810418
-1285.70427652,1700.98810956
-1285.70576267,1700.78811502
-1285.70725279,1700.58812055
-1285.70874719,1700.38812615
-1285.71024618,1700.18813179
-1285.71175009,1699.98813749
-1285.71325923,1699.78814323
-1285.71477393,1699.58814901
-1285.71629449,1699.38815481
-1285.71782124,1699.18816064
-1285.71935369,1698.98816648
-1285.72088610,1698.78817230
-1285.72241055,1698.58817804
-1285.72391912,1698.38818367
-1285.72540389,1698.18818912
-1285.72685695,1697.98819436
-1285.72827037,1697.78819934
-1285.72963625,1697.58820400
-1285.73094666,1697.38820831
-1285.73219368,1697.18821221
-1285.73336950,1696.98821565
-1285.73447009,1696.78821863
-1285.73549618,1696.58822118
-1285.73644881,1696.38822334
-1285.73732902,1696.18822515
-1285.73813783,1695.98822663
-1285.73887630,1695.78822784
-1285.73954546,1695.58822880
-1285.74014634,1695.38822955
-1285.74067998,1695.18823014
-1285.74114743,1694.98823059
-1285.74155030,1694.78823095
-1285.74189470,1694.58823123
-1285.74218868,1694.38823144
-1285.74244036,1694.18823159
-1285.74265783,1693.98823170
-1285.74284917,1693.78823178
-1285.74302249,1693.58823184
-1285.74318588,1693.38823189
-1285.74334742,1693.18823193
-1285.74351522,1692.98823199
-1285.74369737,1692.78823208
-1285.74389969,1692.58823219
-1285.74411891,1692.38823233
-1285.74434951,1692.18823249
-1285.74458596,1691.98823265
-1285.74482273,1691.78823281
-1285.74505428,1691.58823295
-1285.74527509,1691.38823307
-1285.74547962,1691.18823316
-1285.74566235,1690.98823321
-1285.74581775,1690.78823321
-1285.74594035,1690.58823314
-1285.74602500,1690.38823304
-1285.74606667,1690.18823292
-1285.74606029,1689.98823280
-1285.74600083,1689.78823271
-1285.74588324,1689.58823267
-1285.74570248,1689.38823269
-1285.74545350,1689.18823282
-1285.74513125,1688.98823306
-1285.74473069,1688.78823344
-1285.74424843,1688.58823398
-1285.74369627,1688.38823466
-1285.74309418,1688.18823545
-1285.74246221,1687.98823631
-1285.74182041,1687.78823721
-1285.74118882,1687.58823811
-1285.74058750,1687.38823898
-1285.74003649,1687.18823978
-1285.73955584,1686.98824047
-1285.73916560,1686.78824103
-1285.73888504,1686.58824142
-1285.73871916,1686.38824163
-1285.73866060,1686.18824172
-1285.73870161,1685.98824172
-1285.73883439,1685.78824166
-1285.73905120,1685.58824158
-1285.73934425,1685.38824153
-1285.73970577,1685.18824153
-1285.74012800,1684.98824164
-1285.74060316,1684.78824188
-1285.74112360,1684.58824229
-1285.74168463,1684.38824289
-1285.74228466,1684.18824367
-1285.74292224,1683.98824462
-1285.74359593,1683.78824573
-1285.74430429,1683.58824699
-1285.74504586,1683.38824840
-1285.74581920,1683.18824994
-1285.74662286,1682.98825160
-1285.74745541,1682.78825338
-1285.74831539,1682.58825526
-1285.74920148,1682.38825724
-1285.75011392,1682.18825933
-1285.75105410,1681.98826152
-1285.75202345,1681.78826385
-1285.75302339,1681.58826632
-1285.75405533,1681.38826895
-1285.75512069,1681.18827176
-1285.75622090,1680.98827475
-1285.75735737,1680.78827794
-1285.75853152,1680.58828135
-1285.75974478,1680.38828498
-1285.76099842,1680.18828886
-1285.76229305,1679.98829300
-1285.76362898,1679.78829741
-1285.76500655,1679.58830210
-1285.76642611,1679.38830708
-1285.76788799,1679.18831238
-1285.76939252,1678.98831799
-1285.77094004,1678.78832394
-1285.77253089,1678.58833024
-1285.77416540,1678.38833690
-1285.77584388,1678.18834393
-1285.77756407,1677.98835132
-1285.77931911,1677.78835902
-1285.78110166,1677.58836695
-1285.78290438,1677.38837506
-1285.78471993,1677.18838329
-1285.78654097,1676.98839156
-1285.78836017,1676.78839983
-1285.79017017,1676.58840802
-1285.79196365,1676.38841607
-1285.79373326,1676.18842393
-1285.79547244,1675.98843152
-1285.79718186,1675.78843887
-1285.79886614,1675.58844600
-1285.80052992,1675.38845295
-1285.80217786,1675.18845976
-1285.80381461,1674.98846646
-1285.80544483,1674.78847310
-1285.80707316,1674.58847970
-1285.80870427,1674.38848632
-1285.81034280,1674.18849297
-1285.81199339,1673.98849970
-1285.81365704,1673.78850653
-1285.81532706,1673.58851340
-1285.81699578,1673.38852026
-1285.81865554,1673.18852706
-1285.82029866,1672.98853375
-1285.82191747,1672.78854028
-1285.82350432,1672.58854659
-1285.82505152,1672.38855263
-1285.82655141,1672.18855834
-1285.82799633,1671.98856369
-1285.82937987,1671.78856861
-1285.83070702,1671.58857315
-1285.83198880,1671.38857736
-1285.83323629,1671.18858133
-1285.83446054,1670.98858511
-1285.83567263,1670.78858878
-1285.83688363,1670.58859241
-1285.83810460,1670.38859606
-1285.83934661,1670.18859981
-1285.84062074,1669.98860371
-1285.84193795,1669.78860785
-1285.84329996,1669.58861224
-1285.84469166,1669.38861681
-1285.84609616,1669.18862146
-1285.84749658,1668.98862613
-1285.84887600,1668.78863071
-1285.85021756,1668.58863514
-1285.85150434,1668.38863933
-1285.85271946,1668.18864318
-1285.85384604,1667.98864663
-1285.85486717,1667.78864958
-1285.85576881,1667.58865197
-1285.85655712,1667.38865382
-1285.85724701,1667.18865521
-1285.85785342,1666.98865621
-1285.85839129,1666.78865689
-1285.85887555,1666.58865731
-1285.85932115,1666.38865757
-1285.85974303,1666.18865771
-1285.86015613,1665.98865783
-1285.86057538,1665.78865798
-1285.86101555,1665.58865825
-1285.86148383,1665.38865866
-1285.86197748,1665.18865919
-1285.86249303,1664.98865983
-1285.86302705,1664.78866056
-1285.86357610,1664.58866136
-1285.86413671,1664.38866220
-1285.86470546,1664.18866307
-1285.86527889,1663.98866394
-1285.86585355,1663.78866481
-1285.86642601,1663.58866564
-1285.86699332,1663.38866642
-1285.86755466,1663.18866715
-1285.86810973,1662.98866786
-1285.86865823,1662.78866854
-1285.86919987,1662.58866921
-1285.86973435,1662.38866988
-1285.87026137,1662.18867056
-1285.87078064,1661.98867126
-1285.87129187,1661.78867200
-1285.87179475,1661.58867277
-1285.87228918,1661.38867359
-1285.87277769,1661.18867445
-1285.87326478,1660.98867534
-1285.87375501,1660.78867622
-1285.87425294,1660.58867707
-1285.87476312,1660.38867788
-1285.87529012,1660.18867863
-1285.87583848,1659.98867928
-1285.87641276,1659.78867981
-1285.87701753,1659.58868022
-1285.87765735,1659.38868046
-1285.87834099,1659.18868060
-1285.87908587,1658.98868086
-1285.87991048,1658.78868146
-1285.88083332,1658.58868264
-1285.88187289,1658.38868464
-1285.88304767,1658.18868769
-1285.88437618,1657.98869202
-1285.88587690,1657.78869787
-1285.88756834,1657.58870547
-1285.88946899,1657.38871506
-1285.89159409,1657.18872684
-1285.89393904,1656.98874088
-1285.89649170,1656.78875720
-1285.89923992,1656.58877578
-1285.90217157,1656.38879666
-1285.90527448,1656.18881982
-1285.90853653,1655.98884529
-1285.91194557,1655.78887307
-1285.91548944,1655.58890316
-1285.91915601,1655.38893559
-1285.92293321,1655.18897034
-1285.92681068,1654.98900733
-1285.93077985,1654.78904637
-1285.93483222,1654.58908726
-1285.93895930,1654.38912981
-1285.94315258,1654.18917384
-1285.94740357,1653.98921913
-1285.95170378,1653.78926551
-1285.95604470,1653.58931277
-1285.96041783,1653.38936072
-1285.96481469,1653.18940916
-1285.96922754,1652.98945793
-1285.97365081,1652.78950690
-1285.97807933,1652.58955597
-1285.98250794,1652.38960501
-1285.98693144,1652.18965393
-1285.99134468,1651.98970261
-1285.99574247,1651.78975093
-1286.00011965,1651.58979880
-1286.00447103,1651.38984610
-1286.00879144,1651.18989271
-1286.01307598,1650.98993854
-1286.01732235,1650.78998355
-1286.02152972,1650.59002772
-1286.02569730,1650.39007107
-1286.02982428,1650.19011358
-1286.03390985,1649.99015526
-1286.03795322,1649.79019609
-1286.04195357,1649.59023608
-1286.04591011,1649.39027523
-1286.04982202,1649.19031352
-1286.05368854,1648.99035097
-1286.05751104,1648.79038759
-1286.06129428,1648.59042347
-1286.06504334,1648.39045870
-1286.06876328,1648.19049337
-1286.07245917,1647.99052756
-1286.07613607,1647.79056136
-1286.07979905,1647.59059487
-1286.08345318,1647.39062816
-1286.08710353,1647.19066133
-1286.09075516,1646.99069445
-1286.09441090,1646.79072760
-1286.09806258,1646.59076064
-1286.10169867,1646.39079340
-1286.10530760,1646.19082570
-1286.10887785,1645.99085738
-1286.11239786,1645.79088825
-1286.11585609,1645.59091815
-1286.11924100,1645.39094690
-1286.12254104,1645.19097432
-1286.12574466,1644.99100024
-1286.12884085,1644.79102451
-1286.13182862,1644.59104709
-1286.13471609,1644.39106814
-1286.13751170,1644.19108780
-1286.14022388,1643.99110619
-1286.14286109,1643.79112347
-1286.14543175,1643.59113978
-1286.14794432,1643.39115524
-1286.15040722,1643.19117001
-1286.15282891,1642.99118422
-1286.15521781,1642.79119801
-1286.15757826,1642.59121148
-1286.15990383,1642.39122458
-1286.16218632,1642.19123725
-1286.16441758,1641.99124943
-1286.16658940,1641.79126106
-1286.16869361,1641.59127206
-1286.17072203,1641.39128239
-1286.17266648,1641.19129198
-1286.17451877,1640.99130077
-1286.17627073,1640.79130869
-1286.17791535,1640.59131570
-1286.17945603,1640.39132183
-1286.18090154,1640.19132717
-1286.18226071,1639.99133181
-1286.18354235,1639.79133585
-1286.18475530,1639.59133937
-1286.18590837,1639.39134246
-1286.18701039,1639.19134521
-1286.18807018,1638.99134771
-1286.18909657,1638.79135004
-1286.19009834,1638.59135231
-1286.19108216,1638.39135456
-1286.19205145,1638.19135680
-1286.19300938,1637.99135905
-1286.19395909,1637.79136130
-1286.19490374,1637.59136356
-1286.19584650,1637.39136584
-1286.19679050,1637.19136814
-1286.19773891,1636.99137047
-1286.19869489,1636.79137284
-1286.19966158,1636.59137524
-1286.20064128,1636.39137769
-1286.20163182,1636.19138017
-1286.20262955,1635.99138267
-1286.20363084,1635.79138517
-1286.20463207,1635.59138767
-1286.20562960,1635.39139014
-1286.20661980,1635.19139257
-1286.20759904,1634.99139495
-1286.20856368,1634.79139726
-1286.20951010,1634.59139949
-1286.21043480,1634.39140163
-1286.21133799,1634.19140367
-1286.21222371,1633.99140564
-1286.21309622,1633.79140755
-1286.21395973,1633.59140941
-1286.21481850,1633.39141126
-1286.21567674,1633.19141310
-1286.21653871,1632.99141496
-1286.21740863,1632.79141684
-1286.21829074,1632.59141878
-1286.21918929,1632.39142079
-1286.22010792,1632.19142288
-1286.22104832,1631.99142506
-1286.22201171,1631.79142736
-1286.22299933,1631.59142977
-1286.22401241,1631.39143231
-1286.22505218,1631.19143500
-1286.22611988,1630.99143783
-1286.22721673,1630.79144083
-1286.22834397,1630.59144400
-1286.22950284,1630.39144736
-1286.23069423,1630.19145091
-1286.23191476,1629.99145463
-1286.23315812,1629.79145849
-1286.23441792,1629.59146245
-1286.23568778,1629.39146648
-1286.23696131,1629.19147052
-1286.23823213,1628.99147455
-1286.23949385,1628.79147853
-1286.24074010,1628.59148242
-1286.24196449,1628.39148618
-1286.24316076,1628.19148977
-1286.24432704,1627.99149318
-1286.24546677,1627.79149644
-1286.24658373,1627.59149957
-1286.24768169,1627.39150258
-1286.24876440,1627.19150550
-1286.24983565,1626.99150836
-1286.25089920,1626.79151117
-1286.25195882,1626.59151396
-1286.25301827,1626.39151675
-1286.25408133,1626.19151957
-1286.25515102,1625.99152242
-1286.25622739,1625.79152532
-1286.25730980,1625.59152825
-1286.25839758,1625.39153121
-1286.25949008,1625.19153420
-1286.26058665,1624.99153721
-1286.26168661,1624.79154024
-1286.26278933,1624.59154328
-1286.26389413,1624.39154633
-1286.26500037,1624.19154938
-1286.26610735,1623.99155243
-1286.26721328,1623.79155547
-1286.26831495,1623.59155849
-1286.26940905,1623.39156146
-1286.27049227,1623.19156438
-1286.27156133,1622.99156723
-1286.27261291,1622.79156999
-1286.27364370,1622.59157265
-1286.27465041,1622.39157519
-1286.27562973,1622.19157759
-1286.27657836,1621.99157985
-1286.27749524,1621.79158195
-1286.27838687,1621.59158393
-1286.27926133,1621.39158583
-1286.28012672,1621.19158768
-1286.28099113,1620.99158953
-1286.28186264,1620.79159142
-1286.28274934,1620.59159338
-1286.28365933,1620.39159545
-1286.28460069,1620.19159768
-1286.28558151,1619.99160011
-1286.28660742,1619.79160275
-1286.28767248,1619.59160559
-1286.28876733,1619.39160857
-1286.28988263,1619.19161166
-1286.29100903,1618.99161480
-1286.29213719,1618.79161796
-1286.29325774,1618.59162107
-1286.29436135,1618.39162411
-1286.29543866,1618.19162702
-1286.29648033,1617.99162977
-1286.29747712,1617.79163229
-1286.29842628,1617.59163459
-1286.29933499,1617.39163669
-1286.30021130,1617.19163864
-1286.30106324,1616.99164046
-1286.30189884,1616.79164219
-1286.30272615,1616.59164388
-1286.30355319,1616.39164556
-1286.30438801,1616.19164727
-1286.30523865,1615.99164904
-1286.30611313,1615.79165091
-1286.30701645,1615.59165291
-1286.30794248,1615.39165501
-1286.30888257,1615.19165718
-1286.30982807,1614.99165938
-1286.31077031,1614.79166157
-1286.31170065,1614.59166372
-1286.31261042,1614.39166580
-1286.31349097,1614.19166776
-1286.31433364,1613.99166957
-1286.31512978,1613.79167121
-1286.31587175,1613.59167263
-1286.31656344,1613.39167384
-1286.31721595,1613.19167491
-1286.31784053,1612.99167586
-1286.31844840,1612.79167675
-1286.31905079,1612.59167761
-1286.31965893,1612.39167850
-1286.32028406,1612.19167946
-1286.32093741,1611.99168053
-1286.32163020,1611.79168175
-1286.32237359,1611.59168318
-1286.32317260,1611.39168483
-1286.32402187,1611.19168668
-1286.32491507,1610.99168870
-1286.32584584,1610.79169088
-1286.32680784,1610.59169318
-1286.32779472,1610.39169557
-1286.32880014,1610.19169805
-1286.32981775,1609.99170057
-1286.33084121,1609.79170311
-1286.33186416,1609.59170565
-1286.33288248,1609.39170818
-1286.33389906,1609.19171071
-1286.33491820,1608.99171326
-1286.33594421,1608.79171586
-1286.33698138,1608.59171854
-1286.33803402,1608.39172131
-1286.33910643,1608.19172420
-1286.34020290,1607.99172724
-1286.34132773,1607.79173044
-1286.34248524,1607.59173384
-1286.34367953,1607.39173745
-1286.34491288,1607.19174129
-1286.34618643,1606.99174538
-1286.34750132,1606.79174972
-1286.34885869,1606.59175433
-1286.35025965,1606.39175922
-1286.35170536,1606.19176440
-1286.35319694,1605.99176988
-1286.35473552,1605.79177568
-1286.35632223,1605.59178180
-1286.35795826,1605.39178827
-1286.35964660,1605.19179511
-1286.36139289,1604.99180244
-1286.36320295,1604.79181035
-1286.36508260,1604.59181894
-1286.36703768,1604.39182830
-1286.36907402,1604.19183854
-1286.37119744,1603.99184975
-1286.37341377,1603.79186204
-1286.37572883,1603.59187550
-1286.37814846,1603.39189023
-1286.38067571,1603.19190630
-1286.38330607,1602.99192367
-1286.38603375,1602.79194229
-1286.38885294,1602.59196212
-1286.39175784,1602.39198310
-1286.39474265,1602.19200518
-1286.39780157,1601.99202832
-1286.40092880,1601.79205246
-1286.40411855,1601.59207756
-1286.40736500,1601.39210357
-1286.41066259,1601.19213044
-1286.41400755,1600.99215813
-1286.41739703,1600.79218661
-1286.42082819,1600.59221585
-1286.42429818,1600.39224581
-1286.42780415,1600.19227647
-1286.43134324,1599.99230780
-1286.43491262,1599.79233976
-1286.43850943,1599.59237231
-1286.44213083,1599.39240544
-1286.44577400,1599.19243910
-1286.44943684,1598.99247323
-1286.45311808,1598.79250775
-1286.45681646,1598.59254256
-1286.46053076,1598.39257757
-1286.46425972,1598.19261267
-1286.46800209,1597.99264779
-1286.47175665,1597.79268282
-1286.47552213,1597.59271767
-1286.47929731,1597.39275225
-1286.48308086,1597.19278646
-1286.48685734,1596.99282008
-1286.49058029,1596.79285255
-1286.49419913,1596.59288329
-1286.49766327,1596.39291171
-1286.50092213,1596.19293724
-1286.50392512,1595.99295928
-1286.50662166,1595.79297726
-1286.50896117,1595.59299059
-1286.51089306,1595.39299868
-1286.51236675,1595.19300094
-1286.51333280,1594.99299736
-1286.51374610,1594.79298999
-1286.51356259,1594.59298141
-1286.51273818,1594.39297418
-1286.51122880,1594.19297086
-1286.50899036,1593.99297403
-1286.50597879,1593.79298624
-1286.50215001,1593.59301007
-1286.49745994,1593.39304808
-1286.49186451,1593.19310283
-1286.48531906,1592.99317757
-1286.47777440,1592.79328087
-1286.46917919,1592.59342386
-1286.45948207,1592.39361766
-1286.44863167,1592.19387341
-1286.43657663,1591.99420223
-1286.42326560,1591.79461527
-1286.40864722,1591.59512365
-1286.39267012,1591.39573851
-1286.37528294,1591.19647098
-1286.35643516,1590.99733219
-1286.33609956,1590.79833376
-1286.31427475,1590.59948775
-1286.29096067,1590.40080628
-1286.26615729,1590.20230145
-1286.23986453,1590.00398537
-1286.21208237,1589.80587014
-1286.18281075,1589.60796787
-1286.15204962,1589.41029068
-1286.11979892,1589.21285066
-1286.08605857,1589.01565993
-1286.05082154,1588.81873204
-1286.01406643,1588.62208353
-1285.97577004,1588.42573127
-1285.93590919,1588.22969217
-1285.89446070,1588.03398312
-1285.85140136,1587.83862102
-1285.80670800,1587.64362275
-1285.76035742,1587.44900521
-1285.71232644,1587.25478530
-1285.66259186,1587.06097991
-1285.61112551,1586.86760990
-1285.55787903,1586.67471203
-1285.50279900,1586.48232710
-1285.44583202,1586.29049591
-1285.38692466,1586.09925925
-1285.32602352,1585.90865790
-1285.26307518,1585.71873266
-1285.19802622,1585.52952432
-1285.13082322,1585.34107367
-1285.06141278,1585.15342151
-1284.98974700,1584.96660751
-1284.91582129,1584.78066266
-1284.83965151,1584.59561387
-1284.76125364,1584.41148801
-1284.68064364,1584.22831194
-1284.59783748,1584.04611253
-1284.51285115,1583.86491666
-1284.42570062,1583.68475119
-1284.33640184,1583.50564300
-1284.24497081,1583.32761895
-1284.15142404,1583.15070536
-1284.05578624,1582.97492042
-1283.95808841,1582.80027604
-1283.85836169,1582.62678397
-1283.75663726,1582.45445596
-1283.65294626,1582.28330377
-1283.54731985,1582.11333915
-1283.43978919,1581.94457385
-1283.33038544,1581.77701963
-1283.21913976,1581.61068825
-1283.10608328,1581.44559135
-1282.99124663,1581.28173688
-1282.87465975,1581.11912811
-1282.75635256,1580.95776805
-1282.63635496,1580.79765965
-1282.51469687,1580.63880591
-1282.39140820,1580.48120981
-1282.26651885,1580.32487432
-1282.14005874,1580.16980244
-1282.01205778,1580.01599714
-1281.88254583,1579.86346145
-1281.75154139,1579.71220797
-1281.61903757,1579.56227076
-1281.48502403,1579.41368678
-1281.34949043,1579.26649301
-1281.21242643,1579.12072640
-1281.07382168,1578.97642392
-1280.93366584,1578.83362254
-1280.79194857,1578.69235923
-1280.64865953,1578.55267094
-1280.50378838,1578.41459465
-1280.35732245,1578.27817440
-1280.20923734,1578.14348996
-1280.05950494,1578.01063238
-1279.90809717,1577.87969271
-1279.75498591,1577.75076198
-1279.60014306,1577.62393125
-1279.44354054,1577.49929154
-1279.28515022,1577.37693392
-1279.12494402,1577.25694942
-1278.96289383,1577.13942909
-1278.79897382,1577.02446360
-1278.63318866,1576.91213854
-1278.46556488,1576.80253589
-1278.29612949,1576.69573756
-1278.12490949,1576.59182543
-1277.95193189,1576.49088140
-1277.77722368,1576.39298737
-1277.60081188,1576.29822524
-1277.42272348,1576.20667690
-1277.24298549,1576.11842424
-1277.06162562,1576.03354785
-1276.87869525,1575.95208353
-1276.69427455,1575.87401265
-1276.50844543,1575.79931329
-1276.32128982,1575.72796353
-1276.13288964,1575.65994145
-1275.94332681,1575.59522511
-1275.75268324,1575.53379260
-1275.56104085,1575.47562199
-1275.36848157,1575.42069136
-1275.17508730,1575.36897873
-1274.98093437,1575.32042965
-1274.78608411,1575.27490233
-1274.59059537,1575.23224046
-1274.39452697,1575.19228773
-1274.19793776,1575.15488781
-1274.00088657,1575.11988439
-1273.80343223,1575.08712115
-1273.60563359,1575.05644177
-1273.40754948,1575.02768994
-1273.20923873,1575.00070935
-1273.01075290,1574.97535413
-1272.81211212,1574.95152359
-1272.61332805,1574.92912919
-1272.41441235,1574.90808239
-1272.21537668,1574.88829466
-1272.01623269,1574.86967747
-1271.81699206,1574.85214228
-1271.61766643,1574.83560056
-1271.41826747,1574.81996377
-1271.21880683,1574.80514339
-1271.01929566,1574.79105442
-1270.81973991,1574.77764623
-1270.62014270,1574.76488749
-1270.42050707,1574.75274706
-1270.22083608,1574.74119380
-1270.02113280,1574.73019657
-1269.82140027,1574.71972425
-1269.62164158,1574.70974569
-1269.42185976,1574.70022977
-1269.22205788,1574.69114534
-1269.02223897,1574.68246172
-1268.82240496,1574.67416155
-1268.62255658,1574.66624270
-1268.42269446,1574.65870389
-1268.22281926,1574.65154383
-1268.02293162,1574.64476125
-1267.82303218,1574.63835486
-1267.62312160,1574.63232336
-1267.42320051,1574.62666548
-1267.22326957,1574.62137994
-1267.02332941,1574.61646540
-1266.82338072,1574.61191552
-1266.62342424,1574.60771431
-1266.42346071,1574.60384468
-1266.22349088,1574.60028953
-1266.02351549,1574.59703179
-1265.82353530,1574.59405435
-1265.62355103,1574.59134012
-1265.42356345,1574.58887203
-1265.22357329,1574.58663297
-1265.02358130,1574.58460585
-1264.82358818,1574.58277260
-1264.62359423,1574.58110807
-1264.42359961,1574.57958410
-1264.22360446,1574.57817250
-1264.02360894,1574.57684509
-1263.82361318,1574.57557369
-1263.62361734,1574.57433012
-1263.42362157,1574.57308619
-1263.22362601,1574.57181373
-1263.02363081,1574.57048454
-1262.82363611,1574.56907202
-1262.62364198,1574.56756803
-1262.42364842,1574.56597654
-1262.22365543,1574.56430171
-1262.02366302,1574.56254772
-1261.82367119,1574.56071873
-1261.62367995,1574.55881892
-1261.42368931,1574.55685245
-1261.22369927,1574.55482349
-1261.02370983,1574.55273622
-1260.82372100,1574.55059481
-1260.62373274,1574.54840623
-1260.42374491,1574.54618351
-1260.22375736,1574.54394045
-1260.02376994,1574.54169088
-1259.82378249,1574.53944861
-1259.62379485,1574.53722746
-1259.42380689,1574.53504125
-1259.22381844,1574.53290379
-1259.02382935,1574.53082890
-1258.82383948,1574.52883039
-1258.62384869,1574.52691957
-1258.42385702,1574.52509669
-1258.22386453,1574.52335893
-1258.02387127,1574.52170351
-1257.82387733,1574.52012763
-1257.62388275,1574.51862849
-1257.42388761,1574.51720330
-1257.22389196,1574.51584925
-1257.02389587,1574.51456356
-1256.82389940,1574.51334342
-1256.62390262,1574.51218570
-1256.42390558,1574.51108364
-1256.22390831,1574.51002842
-1256.02391087,1574.50901115
-1255.82391330,1574.50802297
-1255.62391564,1574.50705500
-1255.42391794,1574.50609837
-1255.22392024,1574.50514422
-1255.02392259,1574.50418366
-1254.82392502,1574.50320783
-1254.62392759,1574.50220801
-1254.42393029,1574.50118191
-1254.22393310,1574.50013567
-1254.02393598,1574.49907601
-1253.82393887,1574.49800963
-1253.62394175,1574.49694326
-1253.42394456,1574.49588360
-1253.22394727,1574.49483738
-1253.02394984,1574.49381131
-1252.82395223,1574.49281210
-1252.62395439,1574.49184648
-1252.42395630,1574.49092103
-1252.22395796,1574.49004194
-1252.02395940,1574.48921530
-1251.82396062,1574.48844722
-1251.62396165,1574.48774377
-1251.42396250,1574.48711106
-1251.22396320,1574.48655518
-1251.02396375,1574.48608222
-1250.82396417,1574.48569827
-1250.62396449,1574.48540942
-1250.42396471,1574.48522136
-1250.22396486,1574.48513164
-1250.02396495,1574.48513053
-1249.82396500,1574.48520801
-1249.62396501,1574.48535407
-1249.42396502,1574.48555871
-1249.22396502,1574.48581193
-1249.02396504,1574.48610371
-1248.82396510,1574.48642404
-1248.62396520,1574.48676293
-1248.42396537,1574.48711036
-1248.22396561,1574.48745725
-1248.02396591,1574.48779932
-1247.82396624,1574.48813381
-1247.62396659,1574.48845797
-1247.42396692,1574.48876906
-1247.22396722,1574.48906433
-1247.02396745,1574.48934103
-1246.82396761,1574.48959640
-1246.62396766,1574.48982771
-1246.42396757,1574.49003219
-1246.22396734,1574.49020670
-1246.02396699,1574.49034371
-1245.82396658,1574.49043304
-1245.62396618,1574.49046447
-1245.42396585,1574.49042777
-1245.22396565,1574.49031273
-1245.02396564,1574.49010913
-1244.82396590,1574.48980675
-1244.62396647,1574.48939537
-1244.42396742,1574.48886476
-1244.22396882,1574.48820516
-1244.02397066,1574.48741916
-1243.82397289,1574.48652295
-1243.62397546,1574.48553339
-1243.42397829,1574.48446738
-1243.22398134,1574.48334179
-1243.02398453,1574.48217351
-1242.82398782,1574.48097941
-1242.62399114,1574.47977637
-1242.42399443,1574.47858128
-1242.22399763,1574.47741101
-1242.02400070,1574.47627811
-1241.82400364,1574.47518003
-1241.62400648,1574.47411101
-1241.42400923,1574.47306526
-1241.22401191,1574.47203700
-1241.02401454,1574.47102044
-1240.82401715,1574.47000981
-1240.62401974,1574.46899931
-1240.42402235,1574.46798317
-1240.22402498,1574.46695560
-1240.02402766,1574.46591124
-1239.82403038,1574.46485368
-1239.62403307,1574.46379518
-1239.42403571,1574.46274836
-1239.22403823,1574.46172582
-1239.02404060,1574.46074017
-1238.82404276,1574.45980402
-1238.62404466,1574.45892997
-1238.42404626,1574.45813065
-1238.22404751,1574.45741865
-1238.02404836,1574.45680660
-1237.82404879,1574.45630626
-1237.62404884,1574.45592411
-1237.42404863,1574.45566452
-1237.22404826,1574.45553183
-1237.02404784,1574.45553039
-1236.82404746,1574.45566457
-1236.62404723,1574.45593871
-1236.42404726,1574.45635718
-1236.22404765,1574.45692431
-1236.02404850,1574.45764448
-1235.82404991,1574.45852180
-1235.62405204,1574.45955863
-1235.42405503,1574.46075644
-1235.22405905,1574.46211673
-1235.02406424,1574.46364095
-1234.82407076,1574.46533060
-1234.62407877,1574.46718714
-1234.42408843,1574.46921206
-1234.22409989,1574.47140683
-1234.02411330,1574.47377292
-1233.82412882,1574.47631177
-1233.62414661,1574.47902400
-1233.42416682,1574.48190957
-1233.22418958,1574.48496845
-1233.02421506,1574.48820058
-1232.82424340,1574.49160591
-1232.62427475,1574.49518440
-1232.42430925,1574.49893600
-1232.22434707,1574.50286066
-1232.02438834,1574.50695833
-1231.82443322,1574.51122898
-1231.62448187,1574.51567304
-1231.42453448,1574.52029181
-1231.22459125,1574.52508665
-1231.02465236,1574.53005895
-1230.82471800,1574.53521006
-1230.62478838,1574.54054137
-1230.42486368,1574.54605424
-1230.22494409,1574.55175006
-1230.02502981,1574.55763018
-1229.82512103,1574.56369598
-1229.62521794,1574.56994853
-1229.42532069,1574.57638718
-1229.22542946,1574.58301079
-1229.02554439,1574.58981817
-1228.82566564,1574.59680814
-1228.62579337,1574.60397955
-1228.42592773,1574.61133120
-1228.22606889,1574.61886195
-1228.02621699,1574.62657060
-1227.82637220,1574.63445598
-1227.62653465,1574.64251658
-1227.42670394,1574.65074025
-1227.22687905,1574.65910280
-1227.02705893,1574.66757938
-1226.82724252,1574.67614516
-1226.62742877,1574.68477528
-1226.42761663,1574.69344490
-1226.22780504,1574.70212917
-1226.02799295,1574.71080324
-1225.82817931,1574.71944226
-1225.62836306,1574.72802139
-1225.42854348,1574.73652335
-1225.22872149,1574.74496916
-1225.02889854,1574.75339197
-1224.82907608,1574.76182492
-1224.62925557,1574.77030115
-1224.42943845,1574.77885383
-1224.22962616,1574.78751609
-1224.02982017,1574.79632107
-1223.83002192,1574.80530194
-1223.63023286,1574.81449183
-1223.43045443,1574.82392378
-1223.23068791,1574.83362154
-1223.03093422,1574.84359243
-1222.83119427,1574.85384208
-1222.63146895,1574.86437612
-1222.43175918,1574.87520019
-1222.23206585,1574.88631991
-1222.03238986,1574.89774093
-1221.83273212,1574.90946887
-1221.63309353,1574.92150936
-1221.43347499,1574.93386804
-1221.23387731,1574.94654951
-1221.03430001,1574.95954190
-1220.83474155,1574.97282022
-1220.63520035,1574.98635912
-1220.43567485,1575.00013325
-1220.23616348,1575.01411726
-1220.03666467,1575.02828579
-1219.83717685,1575.04261350
-1219.63769844,1575.05707502
-1219.43822789,1575.07164502
-1219.23876362,1575.08629813
-1219.03930416,1575.10101068
-1218.83984869,1575.11577112
-1218.64039670,1575.13057321
-1218.44094765,1575.14541072
-1218.24150104,1575.16027743
-1218.04205635,1575.17516711
-1217.84261304,1575.19007353
-1217.64317061,1575.20499049
-1217.44372853,1575.21991174
-1217.24428628,1575.23483107
-1217.04484337,1575.24974251
-1216.84539962,1575.26464403
-1216.64595512,1575.27953668
-1216.44650994,1575.29442160
-1216.24706418,1575.30929993
-1216.04761794,1575.32417281
-1215.84817128,1575.33904136
-1215.64872432,1575.35390674
-1215.44927713,1575.36877008
-1215.24982980,1575.38363251
-1215.05038240,1575.39849485
-1214.85093452,1575.41335129
-1214.65148532,1575.42818991
-1214.45203394,1575.44299859
-1214.25257954,1575.45776518
-1214.05312125,1575.47247755
-1213.85365821,1575.48712356
-1213.65418957,1575.50169108
-1213.45471447,1575.51616796
-1213.25523206,1575.53054208
-1213.05574150,1575.54480145
-1212.85624237,1575.55894041
-1212.65673489,1575.57296156
-1212.45721928,1575.58686803
-1212.25769578,1575.60066299
-1212.05816461,1575.61434957
-1211.85862601,1575.62793093
-1211.65908022,1575.64141022
-1211.45952746,1575.65479057
-1211.25996797,1575.66807516
-1211.06040198,1575.68126710
-1210.86082940,1575.69436345
-1210.66124928,1575.70734590
-1210.46166056,1575.72019377
-1210.26206218,1575.73288637
-1210.06245307,1575.74540298
-1209.86283216,1575.75772294
-1209.66319839,1575.76982553
-1209.46355070,1575.78169008
-1209.26388801,1575.79329588
-1209.06420926,1575.80462224
-1208.86451360,1575.81565152
-1208.66480136,1575.82638408
-1208.46507331,1575.83682685
-1208.26533025,1575.84698681
-1208.06557296,1575.85687090
-1207.86580221,1575.86648609
-1207.66601879,1575.87583934
-1207.46622348,1575.88493760
-1207.26641706,1575.89378783
-1207.06660031,1575.90239699
-1206.86677401,1575.91077206
-1206.66693875,1575.91892048
-1206.46709497,1575.92685007
-1206.26724311,1575.93456864
-1206.06738362,1575.94208402
-1205.86751693,1575.94940403
-1205.66764349,1575.95653650
-1205.46776374,1575.96348925
-1205.26787811,1575.97027011
-1205.06798705,1575.97688691
-1204.86809100,1575.98334745
-1204.66819033,1575.98965848
-1204.46828521,1575.99582437
-1204.26837583,1576.00184917
-1204.06846236,1576.00773692
-1203.86854496,1576.01349169
-1203.66862381,1576.01911752
-1203.46869908,1576.02461845
-1203.26877093,1576.02999855
-1203.06883954,1576.03526187
-1202.86890508,1576.04041245
-1202.66896770,1576.04545330
-1202.46902742,1576.05037985
-1202.26908419,1576.05518416
-1202.06913795,1576.05985829
-1201.86918867,1576.06439427
-1201.66923631,1576.06878416
-1201.46928080,1576.07302000
-1201.26932211,1576.07709385
-1201.06936018,1576.08099775
-1200.86939498,1576.08472376
-1200.66942646,1576.08826411
-1200.46945470,1576.09161847
-1200.26947995,1576.09479609
-1200.06950246,1576.09780687
-1199.86952250,1576.10066068
-1199.66954031,1576.10336743
-1199.46955616,1576.10593700
-1199.26957030,1576.10837928
-1199.06958299,1576.11070416
-1198.86959448,1576.11292154
-1198.66960504,1576.11504129
-1198.46961489,1576.11707370
-1198.26962417,1576.11903056
-1198.06963296,1576.12092407
-1197.86964137,1576.12276641
-1197.66964950,1576.12456976
-1197.46965745,1576.12634631
-1197.26966533,1576.12810826
-1197.06967322,1576.12986777
-1196.86968124,1576.13163705
-1196.66968947,1576.13342827
-1196.46969802,1576.13525315
-1196.26970692,1576.13711594
-1196.06971614,1576.13901495
-1195.86972565,1576.14094830
-1195.66973542,1576.14291415
-1195.46974543,1576.14491062
-1195.26975566,1576.14693586
-1195.06976606,1576.14898800
-1194.86977663,1576.15106517
-1194.66978732,1576.15316552
-1194.46979812,1576.15528717
-1194.26980897,1576.15742392
-1194.06981975,1576.15955848
-1193.86983033,1576.16167185
-1193.66984058,1576.16374500
-1193.46985037,1576.16575890
-1193.26985958,1576.16769455
-1193.06986807,1576.16953292
-1192.86987572,1576.17125498
-1192.66988239,1576.17284173
-1192.46988796,1576.17427413
-1192.26989231,1576.17553486
-1192.06989549,1576.17662313
-1191.86989766,1576.17754758
-1191.66989897,1576.17831697
-1191.46989955,1576.17894005
-1191.26989957,1576.17942556
-1191.06989917,1576.17978227
-1190.86989850,1576.18001891
-1190.66989771,1576.18014425
-1190.46989694,1576.18016703
-1190.26989635,1576.18009602
-1190.06989603,1576.17994061
-1189.86989595,1576.17971152
-1189.66989608,1576.17941955
-1189.46989637,1576.17907555
-1189.26989680,1576.17869034
-1189.06989732,1576.17827476
-1188.86989790,1576.17783964
-1188.66989850,1576.17739581
-1188.46989909,1576.17695409
-1188.26989962,1576.17652533
-1188.06990007,1576.17611960
-1187.86990042,1576.17574116
-1187.66990070,1576.17539147
-1187.46990092,1576.17507196
-1187.26990107,1576.17478409
-1187.06990118,1576.17452929
-1186.86990125,1576.17430903
-1186.66990129,1576.17412473
-1186.46990132,1576.17397785
-1186.26990134,1576.17386983
-1186.06990137,1576.17380206
-1185.86990141,1576.17377212
-1185.66990145,1576.17377116
-1185.46990149,1576.17378976
-1185.26990153,1576.17381847
-1185.06990156,1576.17384785
-1184.86990158,1576.17386848
-1184.66990157,1576.17387091
-1184.46990154,1576.17384570
-1184.26990148,1576.17378342
-1184.06990138,1576.17367462
-1183.86990125,1576.17351040
-1183.66990112,1576.17328506
-1183.46990106,1576.17299418
-1183.26990112,1576.17263333
-1183.06990135,1576.17219808
-1182.86990181,1576.17168399
-1182.66990257,1576.17108664
-1182.46990367,1576.17040160
-1182.26990517,1576.16962443
-1182.06990712,1576.16875072
-1181.86990959,1576.16777630
-1181.66991256,1576.16670705
-1181.46991593,1576.16556160
-1181.26991959,1576.16435937
-1181.06992342,1576.16311979
-1180.86992734,1576.16186229
-1180.66993122,1576.16060630
-1180.46993496,1576.15937125
-1180.26993845,1576.15817656
-1180.06994160,1576.15704168
-1179.86994428,1576.15598602
-1179.66994641,1576.15502611
-1179.46994804,1576.15416601
-1179.26994922,1576.15340645
-1179.06995002,1576.15274819
-1178.86995050,1576.15219195
-1178.66995073,1576.15173848
-1178.46995076,1576.15138851
-1178.26995066,1576.15114279
-1178.06995049,1576.15100205
-1177.86995032,1576.15096703
-1177.66995020,1576.15103833
-1177.46995019,1576.15121371
-1177.26995029,1576.15148829
-1177.06995054,1576.15185708
-1176.86995094,1576.15231510
-1176.66995153,1576.15285738
-1176.46995232,1576.15347893
-1176.26995333,1576.15417477
-1176.06995458,1576.15493993
-1175.86995610,1576.15576942
-1175.66995790,1576.15665826
-1175.46995999,1576.15760155
-1175.26996237,1576.15859465
-1175.06996500,1576.15963299
-1174.86996787,1576.16071198
-1174.66997096,1576.16182706
-1174.46997423,1576.16297364
-1174.26997767,1576.16414716
-1174.06998126,1576.16534303
-1173.86998498,1576.16655668
-1173.66998879,1576.16778353
-1173.46999269,1576.16901903
-1173.26999663,1576.17025881
-1173.07000059,1576.17149871
-1172.87000452,1576.17273459
-1172.67000838,1576.17396229
-1172.47001214,1576.17517766
-1172.27001576,1576.17637654
-1172.07001920,1576.17755478
-1171.87002242,1576.17870822
-1171.67002539,1576.17983272
-1171.47002806,1576.18092411
-1171.27003041,1576.18197734
-1171.07003246,1576.18298404
-1170.87003423,1576.18393514
-1170.67003575,1576.18482152
-1170.47003705,1576.18563411
-1170.27003815,1576.18636381
-1170.07003907,1576.18700153
-1169.87003985,1576.18753816
-1169.67004051,1576.18796463
-1169.47004108,1576.18827184
-1169.27004159,1576.18845143
-1169.07004203,1576.18850873
-1168.87004241,1576.18846128
-1168.67004271,1576.18832700
-1168.47004293,1576.18812383
-1168.27004306,1576.18786972
-1168.07004310,1576.18758259
-1167.87004303,1576.18728040
-1167.67004285,1576.18698108
-1167.47004255,1576.18670257
-1167.27004213,1576.18646280
-1167.07004158,1576.18627740
-1166.87004098,1576.18615490
-1166.67004039,1576.18610245
-1166.47003989,1576.18612723
-1166.27003953,1576.18623640
-1166.07003940,1576.18643711
-1165.87003957,1576.18673655
-1165.67004010,1576.18714186
-1165.47004107,1576.18766021
-1165.27004254,1576.18829878
-1165.07004458,1576.18906390
-1164.87004717,1576.18995157
-1164.67005024,1576.19095069
-1164.47005372,1576.19204999
-1164.27005752,1576.19323822
-1164.07006157,1576.19450411
-1163.87006579,1576.19583640
-1163.67007012,1576.19722385
-1163.47007447,1576.19865520
-1163.27007877,1576.20011917
-1163.07008295,1576.20160451
-1162.87008694,1576.20309611
-1162.67009074,1576.20457005
-1162.47009433,1576.20600121
-1162.27009771,1576.20736444
-1162.07010087,1576.20863461
-1161.87010380,1576.20978657
-1161.67010650,1576.21079519
-1161.47010895,1576.21163533
-1161.27011115,1576.21228185
-1161.07011308,1576.21270962
-1160.87011475,1576.21289690
-1160.67011617,1576.21285424
-1160.47011736,1576.21260989
-1160.27011834,1576.21219230
-1160.07011915,1576.21162992
-1159.87011981,1576.21095118
-1159.67012033,1576.21018454
-1159.47012076,1576.20935843
-1159.27012110,1576.20850132
-1159.07012140,1576.20764163
-1158.87012166,1576.20680779
-1158.67012192,1576.20602212
-1158.47012219,1576.20529287
-1158.27012248,1576.20462636
-1158.07012282,1576.20402889
-1157.87012321,1576.20350675
-1157.67012367,1576.20306626
-1157.47012422,1576.20271372
-1157.27012487,1576.20245542
-1157.07012563,1576.20229768
-1156.87012653,1576.20224679
-1156.67012757,1576.20230859
-1156.47012872,1576.20248338
-1156.27012994,1576.20276770
-1156.07013118,1576.20315807
-1155.87013237,1576.20365099
-1155.67013347,1576.20424295
-1155.47013443,1576.20493046
-1155.27013519,1576.20571002
-1155.07013570,1576.20657814
-1154.87013591,1576.20753131
-1154.67013576,1576.20856599
-1154.47013527,1576.20966694
-1154.27013460,1576.21079088
-1154.07013392,1576.21189043
-1153.87013342,1576.21291820
-1153.67013328,1576.21382683
-1153.47013367,1576.21456892
-1153.27013478,1576.21509709
-1153.07013678,1576.21536398
-1152.87013986,1576.21532219
-1152.67014420,1576.21492435
-1152.47014996,1576.21412914
-1152.27015712,1576.21294990
-1152.07016555,1576.21142885
-1151.87017513,1576.20960848
-1151.67018576,1576.20753129
-1151.47019730,1576.20523977
-1151.27020964,1576.20277641
-1151.07022266,1576.20018370
-1150.87023623,1576.19750413
-1150.67025025,1576.19478020
-1150.47026458,1576.19205429
-1150.27027908,1576.18936134
-1150.07029356,1576.18672386
-1149.87030782,1576.18416320
-1149.67032166,1576.18170070
-1149.47033488,1576.17935771
-1149.27034729,1576.17715558
-1149.07035869,1576.17511564
-1148.87036888,1576.17325926
-1148.67037766,1576.17160777
-1148.47038484,1576.17018252
-1148.27039027,1576.16899919
-1148.07039407,1576.16804374
-1147.87039645,1576.16729243
-1147.67039761,1576.16672153
-1147.47039776,1576.16630729
-1147.27039712,1576.16602597
-1147.07039588,1576.16585383
-1146.87039425,1576.16576711
-1146.67039245,1576.16574209
-1146.47039068,1576.16575502
-1146.27038915,1576.16578237
-1146.07038795,1576.16580637
-1145.87038708,1576.16581548
-1145.67038653,1576.16579845
-1145.47038629,1576.16574407
-1145.27038634,1576.16564111
-1145.07038668,1576.16547831
-1144.87038728,1576.16524447
-1144.67038815,1576.16492834
-1144.47038926,1576.16451869
-1144.27039061,1576.16400429
-1144.07039218,1576.16337867
-1143.87039395,1576.16265212
-1143.67039587,1576.16183862
-1143.47039794,1576.16095215
-1143.27040010,1576.16000669
-1143.07040235,1576.15901623
-1142.87040464,1576.15799476
-1142.67040694,1576.15695624
-1142.47040923,1576.15591466
-1142.27041149,1576.15488401
-1142.07041367,1576.15387765
-1141.87041576,1576.15290165
-1141.67041778,1576.15195732
-1141.47041971,1576.15104590
-1141.27042155,1576.15016862
-1141.07042331,1576.14932673
-1140.87042497,1576.14852146
-1140.67042654,1576.14775404
-1140.47042803,1576.14702572
-1140.27042942,1576.14633773
-1140.07043071,1576.14569128
-1139.87043190,1576.14508669
-1139.67043297,1576.14452272
-1139.47043391,1576.14399803
-1139.27043470,1576.14351127
-1139.07043533,1576.14306107
-1138.87043577,1576.14264608
-1138.67043601,1576.14226496
-1138.47043603,1576.14191634
-1138.27043583,1576.14159888
-1138.07043537,1576.14131121
-1137.87043468,1576.14105586
-1137.67043384,1576.14084946
-1137.47043298,1576.14071190
-1137.27043220,1576.14066305
-1137.07043164,1576.14072278
-1136.87043140,1576.14091099
-1136.67043160,1576.14124754
-1136.47043236,1576.14175231
-1136.27043380,1576.14244518
-1136.07043604,1576.14334603
-1135.87043919,1576.14447274
-1135.67044346,1576.14582787
-1135.47044909,1576.14740691
-1135.27045630,1576.14920527
-1135.07046534,1576.15121840
-1134.87047643,1576.15344171
-1134.67048981,1576.15587065
-1134.47050572,1576.15850065
-1134.27052438,1576.16132713
-1134.07054603,1576.16434552
-1133.87057089,1576.16755062
-1133.67059873,1576.17091956
-1133.47062881,1576.17441024
-1133.27066039,1576.17797955
-1133.07069271,1576.18158439
-1132.87072503,1576.18518169
-1132.67075658,1576.18872833
-1132.47078663,1576.19218122
-1132.27081442,1576.19549727
-1132.07083919,1576.19863338
-1131.87086019,1576.20154647
-1131.67087695,1576.20420228
-1131.47088980,1576.20659358
-1131.27089923,1576.20871831
-1131.07090572,1576.21057436
-1130.87090979,1576.21215966
-1130.67091190,1576.21347211
-1130.47091257,1576.21450964
-1130.27091228,1576.21527016
-1130.07091152,1576.21575158
-1129.87091078,1576.21595182
-1129.67091051,1576.21587291
-1129.47091078,1576.21554808
-1129.27091149,1576.21502481
-1129.07091253,1576.21435068
-1128.87091381,1576.21357326
-1128.67091523,1576.21274013
-1128.47091668,1576.21189885
-1128.27091807,1576.21109699
-1128.07091929,1576.21038212
-1127.87092024,1576.20980182
-1127.67092083,1576.20940185
-1127.47092108,1576.20919716
-1127.27092109,1576.20917697
-1127.07092097,1576.20932971
-1126.87092084,1576.20964381
-1126.67092079,1576.21010769
-1126.47092095,1576.21070977
-1126.27092143,1576.21143847
-1126.07092233,1576.21228224
-1125.87092376,1576.21322948
-1125.67092584,1576.21426859
-1125.47092858,1576.21538585
-1125.27093186,1576.21656402
-1125.07093554,1576.21778554
-1124.87093949,1576.21903288
-1124.67094355,1576.22028847
-1124.47094760,1576.22153476
-1124.27095149,1576.22275421
-1124.07095509,1576.22392926
-1123.87095826,1576.22504235
-1123.67096085,1576.22607595
-1123.47096278,1576.22701477
-1123.27096410,1576.22785226
-1123.07096491,1576.22858396
-1122.87096533,1576.22920539
-1122.67096545,1576.22971208
-1122.47096538,1576.23009958
-1122.27096521,1576.23036340
-1122.07096504,1576.23049909
-1121.87096499,1576.23050217
-1121.67096516,1576.23036818
-1121.47096562,1576.23009418
-1121.27096639,1576.22968983
-1121.07096740,1576.22917095
-1120.87096860,1576.22855338
-1120.67096993,1576.22785299
-1120.47097136,1576.22708563
-1120.27097282,1576.22626716
-1120.07097425,1576.22541345
-1119.87097561,1576.22454034
-1119.67097685,1576.22366369
-1119.47097790,1576.22279936
-1119.27097878,1576.22196308
-1119.07097950,1576.22117051
-1118.87098011,1576.22043731
-1118.67098064,1576.21977911
-1118.47098112,1576.21921158
-1118.27098159,1576.21875037
-1118.07098207,1576.21841113
-1117.87098261,1576.21820950
-1117.67098323,1576.21816116
-1117.47098397,1576.21828137
-1117.27098483,1576.21857022
-1117.07098582,1576.21900747
-1116.87098689,1576.21957147
-1116.67098805,1576.22024056
-1116.47098926,1576.22099307
-1116.27099051,1576.22180735
-1116.07099178,1576.22266175
-1115.87099306,1576.22353461
-1115.67099431,1576.22440427
-1115.47099554,1576.22524907
-1115.27099672,1576.22605178
-1115.07099784,1576.22680934
-1114.87099890,1576.22752155
-1114.67099990,1576.22818819
-1114.47100083,1576.22880905
-1114.27100169,1576.22938393
-1114.07100248,1576.22991262
-1113.87100320,1576.23039490
-1113.67100383,1576.23083058
-1113.47100438,1576.23121943
-1113.27100485,1576.23156178
-1113.07100523,1576.23186355
-1112.87100554,1576.23213396
-1112.67100579,1576.23238227
-1112.47100598,1576.23261773
-1112.27100612,1576.23284962
-1112.07100623,1576.23308718
-1111.87100631,1576.23333968
-1111.67100638,1576.23361639
-1111.47100643,1576.23392656
-1111.27100649,1576.23427932
-1111.07100655,1576.23467426
-1110.87100663,1576.23509502
-1110.67100673,1576.23552377
-1110.47100686,1576.23594264
-1110.27100702,1576.23633380
-1110.07100722,1576.23667940
-1109.87100747,1576.23696158
-1109.67100777,1576.23716250
-1109.47100813,1576.23726431
-1109.27100856,1576.23724916
-1109.07100905,1576.23710166
-1108.87100961,1576.23682910
-1108.67101022,1576.23645095
-1108.47101086,1576.23598683
-1108.27101152,1576.23545636
-1108.07101218,1576.23487913
-1107.87101283,1576.23427477
-1107.67101346,1576.23366288
-1107.47101405,1576.23306308
-1107.27101458,1576.23249497
-1107.07101504,1576.23197805
-1106.87101543,1576.23152106
-1106.67101577,1576.23111295
-1106.47101607,1576.23074058
-1106.27101636,1576.23039079
-1106.07101665,1576.23005044
-1105.87101698,1576.22970638
-1105.67101736,1576.22934546
-1105.47101780,1576.22895453
-1105.27101834,1576.22852044
-1105.07101899,1576.22803005
-1104.87101977,1576.22747356
-1104.67102071,1576.22685033
-1104.47102183,1576.22616128
-1104.27102316,1576.22540732
-1104.07102472,1576.22458936
-1103.87102653,1576.22370832
-1103.67102862,1576.22276511
-1103.47103102,1576.22176064
-1103.27103374,1576.22069583
-1103.07103682,1576.21957158
-1102.87104026,1576.21838997
-1102.67104401,1576.21715964
-1102.47104802,1576.21589150
-1102.27105220,1576.21459650
-1102.07105649,1576.21328557
-1101.87106082,1576.21196964
-1101.67106511,1576.21065966
-1101.47106930,1576.20936656
-1101.27107332,1576.20810128
-1101.07107710,1576.20687475
-1100.87108057,1576.20569762
-1100.67108371,1576.20457467
-1100.47108653,1576.20350508
-1100.27108907,1576.20248783
-1100.07109133,1576.20152186
-1099.87109335,1576.20060615
-1099.67109515,1576.19973966
-1099.47109674,1576.19892135
-1099.27109815,1576.19815018
-1099.07109940,1576.19742512
-1098.87110052,1576.19674514
-1098.67110152,1576.19610829
-1098.47110242,1576.19550892
-1098.27110324,1576.19494039
-1098.07110399,1576.19439607
-1097.87110470,1576.19386932
-1097.67110537,1576.19335353
-1097.47110602,1576.19284205
-1097.27110667,1576.19232826
-1097.07110734,1576.19180552
-1096.87110804,1576.19126721
-1096.67110879,1576.19070671
-1096.47110961,1576.19011935
-1096.27111049,1576.18950370
-1096.07111147,1576.18885864
-1095.87111256,1576.18818302
-1095.67111376,1576.18747574
-1095.47111509,1576.18673566
-1095.27111656,1576.18596166
-1095.07111819,1576.18515262
-1094.87111999,1576.18430741
-1094.67112198,1576.18342490
-1094.47112415,1576.18250414
-1094.27112651,1576.18154792
-1094.07112902,1576.18056272
-1093.87113163,1576.17955518
-1093.67113430,1576.17853194
-1093.47113700,1576.17749963
-1093.27113969,1576.17646489
-1093.07114233,1576.17543437
-1092.87114487,1576.17441471
-1092.67114729,1576.17341253
-1092.47114953,1576.17243448
-1092.27115157,1576.17148715
-1092.07115340,1576.17057646
-1091.87115502,1576.16970781
-1091.67115645,1576.16888661
-1091.47115770,1576.16811825
-1091.27115878,1576.16740813
-1091.07115972,1576.16676165
-1090.87116051,1576.16618420
-1090.67116117,1576.16568117
-1090.47116172,1576.16525798
-1090.27116217,1576.16492002
-1090.07116252,1576.16467220
-1089.87116279,1576.16451339
-1089.67116299,1576.16443822
-1089.47116312,1576.16444125
-1089.27116319,1576.16451705
-1089.07116319,1576.16466016
-1088.87116315,1576.16486514
-1088.67116306,1576.16512656
-1088.47116294,1576.16543897
-1088.27116278,1576.16579692
-1088.07116260,1576.16619513
-1087.87116244,1576.16663545
-1087.67116241,1576.16712957
-1087.47116263,1576.16768990
-1087.27116320,1576.16832886
-1087.07116425,1576.16905887
-1086.87116587,1576.16989236
-1086.67116819,1576.17084173
-1086.47117131,1576.17191941
-1086.27117535,1576.17313781
-1086.07118042,1576.17450918
-1085.87118657,1576.17603685
-1085.67119379,1576.17771134
-1085.47120204,1576.17952220
-1085.27121129,1576.18145895
-1085.07122152,1576.18351113
-1084.87123270,1576.18566827
-1084.67124480,1576.18791990
-1084.47125778,1576.19025556
-1084.27127163,1576.19266478
-1084.07128631,1576.19513709
-1083.87130180,1576.19766321
-1083.67131808,1576.20024063
-1083.47133514,1576.20286920
-1083.27135299,1576.20554879
-1083.07137159,1576.20827926
-1082.87139096,1576.21106048
-1082.67141108,1576.21389231
-1082.47143194,1576.21677462
-1082.27145354,1576.21970727
-1082.07147586,1576.22269013
-1081.87149889,1576.22572307
-1081.67152264,1576.22880603
-1081.47154713,1576.23193935
-1081.27157239,1576.23512347
-1081.07159846,1576.23835881
-1080.87162535,1576.24164581
-1080.67165311,1576.24498491
-1080.47168176,1576.24837653
-1080.27171135,1576.25182111
-1080.07174189,1576.25531909
-1079.87177342,1576.25887090
-1079.67180597,1576.26247697
-1079.47183953,1576.26613587
-1079.27187397,1576.26984118
-1079.07190914,1576.27358562
-1078.87194490,1576.27736192
-1078.67198110,1576.28116280
-1078.47201758,1576.28498100
-1078.27205421,1576.28880922
-1078.07209083,1576.29264021
-1077.87212730,1576.29646669
-1077.67216347,1576.30028138
-1077.47219919,1576.30407700
-1077.27223432,1576.30784580
-1077.07226877,1576.31157929
-1076.87230241,1576.31526888
-1076.67233514,1576.31890603
-1076.47236686,1576.32248216
-1076.27239745,1576.32598869
-1076.07242680,1576.32941708
-1075.87245481,1576.33275874
-1075.67248137,1576.33600512
-1075.47250638,1576.33914764
-1075.27252972,1576.34217847
-1075.07255147,1576.34510229
-1074.87257185,1576.34793424
-1074.67259107,1576.35068978
-1074.47260934,1576.35338439
-1074.27262688,1576.35603354
-1074.07264390,1576.35865269
-1073.87266063,1576.36125730
-1073.67267727,1576.36386286
-1073.47269405,1576.36648482
-1073.27271117,1576.36913866
-1073.07272881,1576.37183612
-1072.87274685,1576.37456586
-1072.67276508,1576.37730774
-1072.47278327,1576.38004159
-1072.27280121,1576.38274725
-1072.07281867,1576.38540456
-1071.87283543,1576.38799336
-1071.67285127,1576.39049347
-1071.47286598,1576.39288474
-1071.27287933,1576.39514699
-1071.07289110,1576.39726013
-1070.87290118,1576.39921372
-1070.67290972,1576.40101833
-1070.47291688,1576.40268726
-1070.27292284,1576.40423384
-1070.07292776,1576.40567137
-1069.87293183,1576.40701318
-1069.67293521,1576.40827256
-1069.47293807,1576.40946284
-1069.27294058,1576.41059734
-1069.07294292,1576.41168935
-1068.87294525,1576.41275204
-1068.67294766,1576.41379561
-1068.47295015,1576.41482765
-1068.27295275,1576.41585567
-1068.07295547,1576.41688716
-1067.87295831,1576.41792963
-1067.67296128,1576.41899058
-1067.47296440,1576.42007750
-1067.27296768,1576.42119792
-1067.07297113,1576.42235931
-1066.87297475,1576.42356919
-1066.67297858,1576.42483414
-1066.47298265,1576.42615579
-1066.27298704,1576.42753418
-1066.07299180,1576.42896933
-1065.87299701,1576.43046125
-1065.67300272,1576.43200996
-1065.47300900,1576.43361550
-1065.27301591,1576.43527787
-1065.07302351,1576.43699710
-1064.87303188,1576.43877322
-1064.67304106,1576.44060621
-1064.47305104,1576.44249324
-1064.27306161,1576.44442665
-1064.07307255,1576.44639826
-1063.87308365,1576.44839990
-1063.67309469,1576.45042341
-1063.47310546,1576.45246062
-1063.27311574,1576.45450336
-1063.07312532,1576.45654347
-1062.87313398,1576.45857277
-1062.67314150,1576.46058310
-1062.47314770,1576.46256452
-1062.27315265,1576.46448940
-1062.07315658,1576.46631996
-1061.87315970,1576.46801826
-1061.67316225,1576.46954641
-1061.47316445,1576.47086648
-1061.27316653,1576.47194057
-1061.07316872,1576.47273075
-1060.87317123,1576.47319912
-1060.67317430,1576.47330776
-1060.47317815,1576.47301886
-1060.27318294,1576.47231714
-1060.07318866,1576.47123908
-1059.87319529,1576.46982833
-1059.67320279,1576.46812857
-1059.47321113,1576.46618346
-1059.27322029,1576.46403668
-1059.07323024,1576.46173190
-1058.87324095,1576.45931277
-1058.67325239,1576.45682298
-1058.47326453,1576.45430620
-1058.27327734,1576.45180291
-1058.07329070,1576.44932853
-1057.87330446,1576.44688652
-1057.67331846,1576.44448029
-1057.47333256,1576.44211323
-1057.27334660,1576.43978874
-1057.07336044,1576.43751023
-1056.87337392,1576.43528108
-1056.67338688,1576.43310470
-1056.47339919,1576.43098449
-1056.27341068,1576.42892360
-1056.07342137,1576.42691714
-1055.87343142,1576.42495018
-1055.67344103,1576.42300719
-1055.47345039,1576.42107264
-1055.27345968,1576.41913100
-1055.07346911,1576.41716673
-1054.87347885,1576.41516429
-1054.67348910,1576.41310817
-1054.47350005,1576.41098281
-1054.27351188,1576.40877270
-1054.07352473,1576.40646798
-1053.87353843,1576.40408686
-1053.67355271,1576.40165620
-1053.47356730,1576.39920284
-1053.27358194,1576.39675364
-1053.07359636,1576.39433544
-1052.87361030,1576.39197510
-1052.67362350,1576.38969946
-1052.47363568,1576.38753538
-1052.27364659,1576.38550971
-1052.07365596,1576.38364828
-1051.87366377,1576.38195380
-1051.67367021,1576.38040612
-1051.47367549,1576.37898410
-1051.27367979,1576.37766660
-1051.07368333,1576.37643248
-1050.87368631,1576.37526059
-1050.67368892,1576.37412981
-1050.47369138,1576.37301898
-1050.27369388,1576.37190697
-1050.07369662,1576.37077275
-1049.87369971,1576.36960475
-1049.67370311,1576.36840797
-1049.47370675,1576.36718911
-1049.27371058,1576.36595485
-1049.07371452,1576.36471188
-1048.87371852,1576.36346687
-1048.67372250,1576.36222652
-1048.47372642,1576.36099751
-1048.27373020,1576.35978653
-1048.07373378,1576.35860024
-1047.87373713,1576.35744335
-1047.67374026,1576.35631618
-1047.47374319,1576.35521852
-1047.27374595,1576.35415013
-1047.07374855,1576.35311078
-1046.87375103,1576.35210023
-1046.67375340,1576.35111826
-1046.47375569,1576.35016464
-1046.27375793,1576.34923912
-1046.07376012,1576.34834149
-1045.87376230,1576.34747027
-1045.67376443,1576.34662104
-1045.47376650,1576.34578896
-1045.27376849,1576.34496918
-1045.07377038,1576.34415685
-1044.87377215,1576.34334712
-1044.67377377,1576.34253515
-1044.47377523,1576.34171608
-1044.27377651,1576.34088507
-1044.07377758,1576.34003726
-1043.87377845,1576.33916698
-1043.67377926,1576.33826047
-1043.47378027,1576.33729946
-1043.27378174,1576.33626562
-1043.07378389,1576.33514063
-1042.87378700,1576.33390617
-1042.67379130,1576.33254392
-1042.47379705,1576.33103554
-1042.27380449,1576.32936273
-1042.07381387,1576.32750715
-1041.87382545,1576.32545048
-1041.67383941,1576.32317920
-1041.47385560,1576.32070891
-1041.27387370,1576.31806615
-1041.07389343,1576.31527751
-1040.87391448,1576.31236954
-1040.67393656,1576.30936882
-1040.47395937,1576.30630191
-1040.27398260,1576.30319539
-1040.07400597,1576.30007581
-1039.87402917,1576.29696976
-1039.67405191,1576.29390379
-1039.47407395,1576.29089830
-1039.27409528,1576.28795406
-1039.07411592,1576.28506793
-1038.87413590,1576.28223678
-1038.67415524,1576.27945747
-1038.47417398,1576.27672686
-1038.27419213,1576.27404181
-1038.07420972,1576.27139921
-1037.87422678,1576.26879589
-1037.67424333,1576.26622874
-1037.47425941,1576.26369470
-1037.27427498,1576.26119521
-1037.07429000,1576.25873815
-1036.87430438,1576.25633189
-1036.67431805,1576.25398481
-1036.47433094,1576.25170528
-1036.27434298,1576.24950169
-1036.07435410,1576.24738242
-1035.87436422,1576.24535583
-1035.67437327,1576.24343031
-1035.47438118,1576.24161424
-1035.27438789,1576.23991386
-1035.07439362,1576.23831193
-1034.87439871,1576.23677665
-1034.67440352,1576.23527600
-1034.47440841,1576.23377797
-1034.27441374,1576.23225054
-1034.07441987,1576.23066169
-1033.87442715,1576.22897940
-1033.67443595,1576.22717165
-1033.47444662,1576.22520643
-1033.27445952,1576.22305173
-1033.07447486,1576.22068772
-1032.87449239,1576.21813322
-1032.67451177,1576.21541465
-1032.47453268,1576.21255843
-1032.27455475,1576.20959097
-1032.07457767,1576.20653871
-1031.87460108,1576.20342807
-1031.67462465,1576.20028546
-1031.47464805,1576.19713732
-1031.27467092,1576.19401006
-1031.07469294,1576.19092983
-1030.87471391,1576.18791779
-1030.67473373,1576.18499057
-1030.47475234,1576.18216466
-1030.27476963,1576.17945654
-1030.07478555,1576.17688270
-1029.87479999,1576.17445963
-1029.67481288,1576.17220381
-1029.47482414,1576.17013173
-1029.27483368,1576.16825987
-1029.07484142,1576.16660472
-1028.87484735,1576.16517597
-1028.67485163,1576.16395962
-1028.47485449,1576.16293652
-1028.27485616,1576.16208750
-1028.07485686,1576.16139340
-1027.87485681,1576.16083505
-1027.67485624,1576.16039330
-1027.47485537,1576.16004899
-1027.27485443,1576.15978294
-1027.07485363,1576.15957600
-1026.87485321,1576.15940937
-1026.67485318,1576.15927057
-1026.47485347,1576.15915254
-1026.27485395,1576.15904840
-1026.07485451,1576.15895125
-1025.87485506,1576.15885420
-1025.67485548,1576.15875037
-1025.47485566,1576.15863288
-1025.27485550,1576.15849483
-1025.07485489,1576.15832933
-1024.87485371,1576.15812950
-1024.67485195,1576.15789750
-1024.47484983,1576.15766415
-1024.27484761,1576.15746598
-1024.07484558,1576.15733950
-1023.87484401,1576.15732122
-1023.67484316,1576.15744767
-1023.47484333,1576.15775534
-1023.27484477,1576.15828077
-1023.07484777,1576.15906046
-1022.87485260,1576.16013093
-1022.67485951,1576.16152617
-1022.47486846,1576.16323524
-1022.27487913,1576.16520862
-1022.07489122,1576.16739551
-1021.87490439,1576.16974512
-1021.67491834,1576.17220667
-1021.47493274,1576.17472935
-1021.27494728,1576.17726239
-1021.07496163,1576.17975499
-1020.87497548,1576.18215635
-1020.67498851,1576.18441570
-1020.47500047,1576.18649649
-1020.27501133,1576.18841516
-1020.07502112,1576.19020046
-1019.87502989,1576.19188111
-1019.67503766,1576.19348586
-1019.47504446,1576.19504345
-1019.27505034,1576.19658260
-1019.07505532,1576.19813205
-1018.87505944,1576.19972056
-1018.67506272,1576.20137684
-1018.47506524,1576.20312995
-1018.27506773,1576.20501583
-1018.07507158,1576.20707709
-1017.87507819,1576.20935663
-1017.67508898,1576.21189733
-1017.47510536,1576.21474208
-1017.27512874,1576.21793378
-1017.07516054,1576.22151533
-1016.87520216,1576.22552961
-1016.67525502,1576.23001951
-1016.47532054,1576.23502793
-1016.27539989,1576.24058503
-1016.07549347,1576.24667501
-1015.87560147,1576.25327166
-1015.67572410,1576.26034878
-1015.47586156,1576.26788019
-1015.27601404,1576.27583967
-1015.07618175,1576.28420102
-1014.87636489,1576.29293806
-1014.67656365,1576.30202458
-1014.47677825,1576.31143438
-1014.27700881,1576.32114074
-1014.07725408,1576.33110728
-1013.87751161,1576.34128906
-1013.67777889,1576.35164082
-1013.47805341,1576.36211734
-1013.27833269,1576.37267335
-1013.07861421,1576.38326363
-1012.87889547,1576.39384292
-1012.67917398,1576.40436598
-1012.47944723,1576.41478758
-1012.27971271,1576.42506247
-1012.07996858,1576.43515663
-1011.88021498,1576.44507069
-1011.68045245,1576.45481197
-1011.48068150,1576.46438778
-1011.28090269,1576.47380545
-1011.08111654,1576.48307228
-1010.88132358,1576.49219560
-1010.68152435,1576.50118270
-1010.48171938,1576.51004093
-1010.28190919,1576.51877757
-1010.08209435,1576.52740064
-1009.88227557,1576.53592568
-1009.68245370,1576.54437301
-1009.48262957,1576.55276301
-1009.28280403,1576.56111609
-1009.08297791,1576.56945261
-1008.88315206,1576.57779299
-1008.68332732,1576.58615759
-1008.48350452,1576.59456682
-1008.28368451,1576.60304106
-1008.08386812,1576.61160061
-1007.88405582,1576.62025663
-1007.68424735,1576.62900287
-1007.48444238,1576.63783119
-1007.28464059,1576.64673342
-1007.08484163,1576.65570140
-1006.88504519,1576.66472698
-1006.68525092,1576.67380198
-1006.48545850,1576.68291826
-1006.28566759,1576.69206765
-1006.08587787,1576.70124200
-1005.88608901,1576.71043348
-1005.68630079,1576.71963712
-1005.48651303,1576.72884926
-1005.28672554,1576.73806627
-1005.08693814,1576.74728452
-1004.88715064,1576.75650036
-1004.68736288,1576.76571016
-1004.48757466,1576.77491028
-1004.28778580,1576.78409708
-1004.08799613,1576.79326693
-1003.88820545,1576.80241619
-1003.68841355,1576.81154010
-1003.48862014,1576.82063178
-1003.28882494,1576.82968408
-1003.08902764,1576.83868987
-1002.88922796,1576.84764200
-1002.68942560,1576.85653334
-1002.48962027,1576.86535673
-1002.28981168,1576.87410505
-1002.08999952,1576.88277115
-1001.89018352,1576.89134789
-1001.69036340,1576.89982884
-1001.49053922,1576.90821464
-1001.29071122,1576.91650997
-1001.09087963,1576.92471952
-1000.89104469,1576.93284802
-1000.69120664,1576.94090016
-1000.49136570,1576.94888065
-1000.29152213,1576.95679422
-1000.09167614,1576.96464556
-999.89182799,1576.97243938
-999.69197791,1576.98018040
-999.49212606,1576.98787211
-999.29227243,1576.99551491
-999.09241697,1577.00310866
-998.89255964,1577.01065323
-998.69270039,1577.01814849
-998.49283918,1577.02559432
-998.29297597,1577.03299058
-998.09311071,1577.04033715
-997.89324334,1577.04763389
-997.69337384,1577.05488068
-997.49350214,1577.06207694
-997.29362800,1577.06921288
-997.09375095,1577.07626994
-996.89387056,1577.08322925
-996.69398637,1577.09007193
-996.49409792,1577.09677909
-996.29420477,1577.10333186
-996.09430646,1577.10971134
-995.89440254,1577.11589866
-995.69449255,1577.12187494
-995.49457606,1577.12762129
-995.29465268,1577.13312216
-995.09472272,1577.13838444
-994.89478671,1577.14342433
-994.69484519,1577.14825802
-994.49489872,1577.15290175
-994.29494784,1577.15737172
-994.09499309,1577.16168416
-993.89503502,1577.16585527
-993.69507417,1577.16990128
-993.49511110,1577.17383840
-993.29514634,1577.17768284
-993.09518031,1577.18144606
-992.89521301,1577.18512473
-992.69524436,1577.18871260
-992.49527427,1577.19220344
-992.29530267,1577.19559102
-992.09532947,1577.19886913
-991.89535460,1577.20203151
-991.69537797,1577.20507195
-991.49539951,1577.20798420
-991.29541912,1577.21076205
-991.09543674,1577.21339931
-990.89545236,1577.21589333
-990.69546612,1577.21824752
-990.49547818,1577.22046591
-990.29548868,1577.22255249
-990.09549777,1577.22451127
-989.89550561,1577.22634627
-989.69551235,1577.22806150
-989.49551814,1577.22966095
-989.29552314,1577.23114865
-989.09552749,1577.23252861
-988.89553134,1577.23380492
-988.69553479,1577.23498438
-988.49553786,1577.23607668
-988.29554058,1577.23709166
-988.09554297,1577.23803914
-987.89554507,1577.23892897
-987.69554689,1577.23977097
-987.49554847,1577.24057498
-987.29554982,1577.24135084
-987.09555097,1577.24210838
-986.89555195,1577.24285743
-986.69555278,1577.24360685
-986.49555349,1577.24435126
-986.29555410,1577.24507454
-986.09555464,1577.24576030
-985.89555511,1577.24639217
-985.69555556,1577.24695377
-985.49555599,1577.24742871
-985.29555643,1577.24780062
-985.09555691,1577.24805310
-984.89555744,1577.24816979
-984.69555805,1577.24813431
-984.49555876,1577.24793492
-984.29555957,1577.24758252
-984.09556047,1577.24709481
-983.89556148,1577.24648949
-983.69556259,1577.24578427
-983.49556379,1577.24499686
-983.29556510,1577.24414497
-983.09556649,1577.24324629
-982.89556799,1577.24231855
-982.69556958,1577.24137943
-982.49557125,1577.24044504
-982.29557300,1577.23952329
-982.09557478,1577.23861949
-981.89557657,1577.23773899
-981.69557833,1577.23688710
-981.49558005,1577.23606916
-981.29558167,1577.23529049
-981.09558319,1577.23455641
-980.89558456,1577.23387227
-980.69558577,1577.23324338
-980.49558676,1577.23267507
-980.29558755,1577.23216923
-980.09558814,1577.23171502
-979.89558859,1577.23129867
-979.69558895,1577.23090641
-979.49558925,1577.23052447
-979.29558955,1577.23013910
-979.09558988,1577.22973651
-978.89559029,1577.22930295
-978.69559082,1577.22882465
-978.49559153,1577.22828783
-978.29559245,1577.22767874
-978.09559361,1577.22698795
-977.89559505,1577.22621657
-977.69559678,1577.22536728
-977.49559881,1577.22444279
-977.29560116,1577.22344579
-977.09560385,1577.22237897
-976.89560689,1577.22124502
-976.69561031,1577.22004665
-976.49561411,1577.21878653
-976.29561832,1577.21746738
-976.09562296,1577.21609190
-975.89562801,1577.21466477
-975.69563340,1577.21319407
-975.49563907,1577.21168822
-975.29564496,1577.21015561
-975.09565099,1577.20860468
-974.89565709,1577.20704381
-974.69566320,1577.20548144
-974.49566925,1577.20392597
-974.29567517,1577.20238581
-974.09568090,1577.20086934
-973.89568640,1577.19937912
-973.69569177,1577.19790629
-973.49569708,1577.19644061
-973.29570241,1577.19497184
-973.09570786,1577.19348976
-972.89571351,1577.19198413
-972.69571945,1577.19044471
-972.49572575,1577.18886128
-972.29573251,1577.18722360
-972.09573982,1577.18552144
-971.89574772,1577.18374797
-971.69575622,1577.18190502
-971.49576532,1577.17999584
-971.29577499,1577.17802366
-971.09578523,1577.17599169
-970.89579603,1577.17390317
-970.69580737,1577.17176134
-970.49581925,1577.16956943
-970.29583165,1577.16733065
-970.09584457,1577.16504825
-969.89585796,1577.16272679
-969.69587173,1577.16037547
-969.49588575,1577.15800452
-969.29589990,1577.15562416
-969.09591406,1577.15324463
-968.89592810,1577.15087613
-968.69594190,1577.14852891
-968.49595534,1577.14621317
-968.29596830,1577.14393915
-968.09598066,1577.14171708
-967.89599230,1577.13955581
-967.69600324,1577.13745772
-967.49601349,1577.13542330
-967.29602308,1577.13345299
-967.09603204,1577.13154728
-966.89604038,1577.12970662
-966.69604814,1577.12793147
-966.49605535,1577.12622231
-966.29606202,1577.12457960
-966.09606818,1577.12300381
-965.89607386,1577.12149477
-965.69607910,1577.12004795
-965.49608394,1577.11865697
-965.29608844,1577.11731546
-965.09609264,1577.11601701
-964.89609660,1577.11475524
-964.69610034,1577.11352378
-964.49610393,1577.11231622
-964.29610741,1577.11112618
-964.09611082,1577.10994728
-963.89611421,1577.10877364
-963.69611759,1577.10760442
-963.49612095,1577.10644169
-963.29612427,1577.10528752
-963.09612753,1577.10414402
-962.89613073,1577.10301328
-962.69613386,1577.10189739
-962.49613690,1577.10079844
-962.29613983,1577.09971853
-962.09614265,1577.09865975
-961.89614534,1577.09762410
-961.69614789,1577.09661230
-961.49615033,1577.09562411
-961.29615264,1577.09465928
-961.09615485,1577.09371753
-960.89615694,1577.09279861
-960.69615893,1577.09190224
-960.49616082,1577.09102817
-960.29616262,1577.09017614
-960.09616434,1577.08934587
-959.89616597,1577.08853705
-959.69616753,1577.08774812
-959.49616903,1577.08697641
-959.29617047,1577.08621923
-959.09617187,1577.08547385
-958.89617322,1577.08473758
-958.69617456,1577.08400770
-958.49617587,1577.08328151
-958.29617718,1577.08255631
-958.09617848,1577.08182938
-957.89617980,1577.08109802
-957.69618113,1577.08036099
-957.49618247,1577.07962158
-957.29618380,1577.07888398
-957.09618511,1577.07815235
-956.89618639,1577.07743086
-956.69618763,1577.07672368
-956.49618881,1577.07603498
-956.29618993,1577.07536894
-956.09619097,1577.07472972
-955.89619192,1577.07412149
-955.69619277,1577.07354841
-955.49619351,1577.07301150
-955.29619417,1577.07250510
-955.09619476,1577.07202271
-954.89619529,1577.07155784
-954.69619579,1577.07110397
-954.49619628,1577.07065461
-954.29619677,1577.07020326
-954.09619729,1577.06974341
-953.89619784,1577.06926857
-953.69619846,1577.06877223
-953.49619915,1577.06824797
-953.29619993,1577.06769329
-953.09620079,1577.06711144
-952.89620171,1577.06650613
-952.69620269,1577.06588108
-952.49620371,1577.06523999
-952.29620477,1577.06458659
-952.09620585,1577.06392457
-951.89620695,1577.06325766
-951.69620804,1577.06258956
-951.49620914,1577.06192399
-951.29621021,1577.06126456
-951.09621126,1577.06061466
-950.89621227,1577.05997764
-950.69621323,1577.05935684
-950.49621414,1577.05875559
-950.29621498,1577.05817725
-950.09621574,1577.05762515
-949.89621641,1577.05710263
-949.69621699,1577.05661305
-949.49621745,1577.05615974
-949.29621780,1577.05574605
-949.09621803,1577.05537518
-948.89621817,1577.05505023
-948.69621823,1577.05477429
-948.49621823,1577.05455042
-948.29621819,1577.05438171
-948.09621813,1577.05427124
-947.89621807,1577.05422209
-947.69621802,1577.05423734
-947.49621801,1577.05432006
-947.29621805,1577.05447335
-947.09621816,1577.05469962
-946.89621835,1577.05499122
-946.69621859,1577.05533249
-946.49621887,1577.05570756
-946.29621918,1577.05610057
-946.09621950,1577.05649564
-945.89621981,1577.05687691
-945.69622011,1577.05722850
-945.49622038,1577.05753456
-945.29622060,1577.05777920
-945.09622076,1577.05794657
-944.89622084,1577.05802213
-944.69622088,1577.05800205
-944.49622090,1577.05788765
-944.29622094,1577.05768032
-944.09622104,1577.05738140
-943.89622123,1577.05699227
-943.69622156,1577.05651429
-943.49622206,1577.05594883
-943.29622276,1577.05529725
-943.09622371,1577.05456091
-942.89622494,1577.05374119
-942.69622647,1577.05284305
-942.49622825,1577.05188569
-942.29623022,1577.05089174
-942.09623232,1577.04988387
-941.89623449,1577.04888471
-941.69623666,1577.04791692
-941.49623878,1577.04700315
-941.29624078,1577.04616605
-941.09624259,1577.04542828
-940.89624416,1577.04481247
-940.69624542,1577.04434103
-940.49624635,1577.04402037
-940.29624698,1577.04383219
-940.09624734,1577.04375602
-939.89624746,1577.04377143
-939.69624738,1577.04385797
-939.49624714,1577.04399517
-939.29624675,1577.04416260
-939.09624627,1577.04433979
-938.89624572,1577.04450631
-938.69624513,1577.04464171
-938.49624455,1577.04472972
-938.29624400,1577.04478038
-938.09624353,1577.04481389
-937.89624317,1577.04485047
-937.69624295,1577.04491034
-937.49624292,1577.04501373
-937.29624312,1577.04518084
-937.09624357,1577.04543191
-936.89624432,1577.04578716
-936.69624540,1577.04626681
-936.49624685,1577.04688959
-936.29624870,1577.04765717
-936.09625096,1577.04856021
-935.89625364,1577.04958917
-935.69625677,1577.05073454
-935.49626036,1577.05198679
-935.29626443,1577.05333640
-935.09626899,1577.05477384
-934.89627407,1577.05628959
-934.69627967,1577.05787413
-934.49628581,1577.05951793
-934.29629248,1577.06121048
-934.09629958,1577.06293859
-933.89630698,1577.06468855
-933.69631456,1577.06644668
-933.49632220,1577.06819930
-933.29632978,1577.06993272
-933.09633717,1577.07163324
-932.89634426,1577.07328719
-932.69635093,1577.07488088
-932.49635705,1577.07640062
-932.29636252,1577.07783469
-932.09636735,1577.07918566
-931.89637162,1577.08046239
-931.69637538,1577.08167379
-931.49637872,1577.08282875
-931.29638169,1577.08393615
-931.09638436,1577.08500490
-930.89638681,1577.08604390
-930.69638910,1577.08706203
-930.49639129,1577.08806820
