-927.95478517,1581.68874629
-928.15477416,1581.69088827
-928.35476324,1581.69301884
-928.55475250,1581.69512659
-928.75474203,1581.69720010
-928.95473191,1581.69922797
-929.15472225,1581.70119878
-929.35471313,1581.70310112
-929.55470464,1581.70492359
-929.75469687,1581.70665476
-929.95468992,1581.70828324
-930.15468385,1581.70979927
-930.35467862,1581.71120716
-930.55467415,1581.71251812
-930.75467033,1581.71374345
-930.95466707,1581.71489444
-931.15466428,1581.71598237
-931.35466184,1581.71701853
-931.55465967,1581.71801421
-931.75465767,1581.71898069
-931.95465575,1581.71992926
-932.15465380,1581.72087103
-932.35465177,1581.72181317
-932.55464967,1581.72275890
-932.75464747,1581.72371129
-932.95464518,1581.72467340
-933.15464277,1581.72564830
-933.35464026,1581.72663906
-933.55463762,1581.72764873
-933.75463486,1581.72868039
-933.95463196,1581.72973710
-934.15462891,1581.73082192
-934.35462572,1581.73193636
-934.55462241,1581.73307688
-934.75461899,1581.73423895
-934.95461550,1581.73541800
-935.15461196,1581.73660948
-935.35460838,1581.73780885
-935.55460480,1581.73901156
-935.75460123,1581.74021306
-935.95459771,1581.74140879
-936.15459425,1581.74259420
-936.35459088,1581.74376517
-936.55458759,1581.74492193
-936.75458437,1581.74606740
-936.95458118,1581.74720453
-937.15457801,1581.74833628
-937.35457485,1581.74946559
-937.55457166,1581.75059541
-937.75456842,1581.75172869
-937.95456513,1581.75286838
-938.15456175,1581.75401744
-938.35455827,1581.75517880
-938.55455467,1581.75635415
-938.75455099,1581.75754087
-938.95454727,1581.75873546
-939.15454353,1581.75993439
-939.35453982,1581.76113417
-939.55453618,1581.76233128
-939.75453264,1581.76352222
-939.95452925,1581.76470348
-940.15452603,1581.76587154
-940.35452303,1581.76702290
-940.55452028,1581.76815378
-940.75451779,1581.76925550
-940.95451556,1581.77031528
-941.15451357,1581.77132019
-941.35451181,1581.77225730
-941.55451027,1581.77311368
-941.75450893,1581.77387641
-941.95450780,1581.77453255
-942.15450684,1581.77506918
-942.35450607,1581.77547338
-942.55450546,1581.77573234
-942.75450499,1581.77584486
-942.95450466,1581.77582977
-943.15450445,1581.77570791
-943.35450433,1581.77550012
-943.55450429,1581.77522725
-943.75450431,1581.77491013
-943.95450437,1581.77456959
-944.15450446,1581.77422650
-944.35450456,1581.77390167
-944.55450464,1581.77361592
-944.75450471,1581.77338230
-944.95450475,1581.77319716
-945.15450477,1581.77305464
-945.35450477,1581.77294891
-945.55450475,1581.77287411
-945.75450472,1581.77282440
-945.95450467,1581.77279394
-946.15450461,1581.77277688
-946.35450454,1581.77276738
-946.55450446,1581.77275958
-946.75450438,1581.77274758
-946.95450428,1581.77272423
-947.15450418,1581.77268142
-947.35450408,1581.77261098
-947.55450398,1581.77250475
-947.75450388,1581.77235455
-947.95450377,1581.77215225
-948.15450367,1581.77188966
-948.35450358,1581.77155863
-948.55450349,1581.77115100
-948.75450341,1581.77065860
-948.95450330,1581.77007286
-949.15450299,1581.76938386
-949.35450228,1581.76858138
-949.55450097,1581.76765522
-949.75449888,1581.76659518
-949.95449579,1581.76539105
-950.15449152,1581.76403263
-950.35448587,1581.76250972
-950.55447864,1581.76081210
-950.75446963,1581.75892958
-950.95445867,1581.75685306
-951.15444568,1581.75458547
-951.35443069,1581.75213704
-951.55441372,1581.74951810
-951.75439479,1581.74673898
-951.95437392,1581.74381003
-952.15435112,1581.74074157
-952.35432643,1581.73754395
-952.55429985,1581.73422749
-952.75427141,1581.73080253
-952.95424113,1581.72727958
-953.15420922,1581.72367490
-953.35417610,1581.72001170
-953.55414220,1581.71631364
-953.75410795,1581.71260434
-953.95407378,1581.70890746
-954.15404014,1581.70524662
-954.35400745,1581.70164547
-954.55397615,1581.69812764
-954.75394667,1581.69471678
-954.95391944,1581.69143640
-955.15389468,1581.68830033
-955.35387227,1581.68530630
-955.55385204,1581.68245046
-955.75383383,1581.67972901
-955.95381749,1581.67713812
-956.15380285,1581.67467397
-956.35378975,1581.67233273
-956.55377803,1581.67011058
-956.75376753,1581.66800370
-956.95375809,1581.66600827
-957.15374959,1581.66412121
-957.35374197,1581.66234072
-957.55373519,1581.66066518
-957.75372920,1581.65909292
-957.95372394,1581.65762231
-958.15371938,1581.65625170
-958.35371546,1581.65497945
-958.55371214,1581.65380391
-958.75370938,1581.65272343
-958.95370711,1581.65173638
-959.15370530,1581.65084156
-959.35370390,1581.65003862
-959.55370285,1581.64932731
-959.75370211,1581.64870735
-959.95370163,1581.64817850
-960.15370136,1581.64774048
-960.35370125,1581.64739305
-960.55370124,1581.64713593
-960.75370130,1581.64696887
-960.95370137,1581.64689160
-961.15370141,1581.64690337
-961.35370140,1581.64700097
-961.55370132,1581.64718041
-961.75370118,1581.64743772
-961.95370096,1581.64776893
-962.15370064,1581.64817005
-962.35370023,1581.64863712
-962.55369970,1581.64916616
-962.75369905,1581.64975320
-962.95369828,1581.65039425
-963.15369736,1581.65108564
-963.35369626,1581.65182811
-963.55369494,1581.65262584
-963.75369334,1581.65348310
-963.95369142,1581.65440418
-964.15368912,1581.65539335
-964.35368639,1581.65645488
-964.55368319,1581.65759304
-964.75367946,1581.65881212
-964.95367515,1581.66011638
-965.15367020,1581.66151011
-965.35366460,1581.66299614
-965.55365833,1581.66457098
-965.75365142,1581.66622936
-965.95364390,1581.66796602
-966.15363579,1581.66977572
-966.35362711,1581.67165317
-966.55361788,1581.67359314
-966.75360812,1581.67559034
-966.95359787,1581.67763954
-967.15358714,1581.67973546
-967.35357595,1581.68187280
-967.55356436,1581.68404388
-967.75355249,1581.68623763
-967.95354047,1581.68844269
-968.15352839,1581.69064774
-968.35351639,1581.69284144
-968.55350459,1581.69501245
-968.75349309,1581.69714942
-968.95348203,1581.69924103
-969.15347151,1581.70127592
-969.35346165,1581.70324278
-969.55345254,1581.70513406
-969.75344415,1581.70695231
-969.95343641,1581.70870170
-970.15342929,1581.71038639
-970.35342273,1581.71201058
-970.55341669,1581.71357842
-970.75341111,1581.71509410
-970.95340595,1581.71656179
-971.15340115,1581.71798567
-971.35339668,1581.71936991
-971.55339248,1581.72071698
-971.75338856,1581.72202024
-971.95338495,1581.72326999
-972.15338167,1581.72445652
-972.35337874,1581.72557014
-972.55337619,1581.72660114
-972.75337404,1581.72753982
-972.95337231,1581.72837648
-973.15337103,1581.72910142
-973.35337021,1581.72970494
-973.55336988,1581.73017742
-973.75336998,1581.73051151
-973.95337036,1581.73070205
-974.15337090,1581.73074400
-974.35337145,1581.73063229
-974.55337187,1581.73036187
-974.75337202,1581.72992768
-974.95337176,1581.72932468
-975.15337095,1581.72854781
-975.35336944,1581.72759201
-975.55336711,1581.72645224
-975.75336377,1581.72512292
-975.95335913,1581.72359613
-976.15335283,1581.72186327
-976.35334452,1581.71991573
-976.55333387,1581.71774490
-976.75332051,1581.71534218
-976.95330411,1581.71269897
-977.15328432,1581.70980664
-977.35326079,1581.70665661
-977.55323317,1581.70324025
-977.75320111,1581.69954910
-977.95316406,1581.69557661
-978.15312135,1581.69131781
-978.35307227,1581.68676779
-978.55301615,1581.68192162
-978.75295230,1581.67677436
-978.95288003,1581.67132110
-979.15279864,1581.66555691
-979.35270746,1581.65947686
-979.55260578,1581.65307602
-979.75249295,1581.64634978
-979.95236881,1581.63930396
-980.15223383,1581.63195733
-980.35208855,1581.62432946
-980.55193350,1581.61643994
-980.75176920,1581.60830833
-980.95159618,1581.59995421
-981.15141497,1581.59139716
-981.35122609,1581.58265674
-981.55103007,1581.57375254
-981.75082743,1581.56470412
-981.95061852,1581.55552540
-982.15040311,1581.54621439
-982.35018092,1581.53676627
-982.54995163,1581.52717624
-982.74971494,1581.51743949
-982.94947055,1581.50755124
-983.14921815,1581.49750667
-983.34895744,1581.48730097
-983.54868813,1581.47692936
-983.74840989,1581.46638702
-983.94812244,1581.45566937
-984.14782555,1581.44477429
-984.34751901,1581.43370114
-984.54720264,1581.42244931
-984.74687624,1581.41101820
-984.94653963,1581.39940718
-985.14619260,1581.38761564
-985.34583496,1581.37564299
-985.54546653,1581.36348860
-985.74508711,1581.35115186
-985.94469649,1581.33863217
-986.14429437,1581.32592746
-986.34388009,1581.31303207
-986.54345294,1581.29993980
-986.74301222,1581.28664444
-986.94255724,1581.27313978
-987.14208727,1581.25941961
-987.34160164,1581.24547772
-987.54109962,1581.23130789
-987.74058052,1581.21690393
-987.94004363,1581.20225962
-988.13948831,1581.18736932
-988.33891486,1581.17223929
-988.53832453,1581.15688706
-988.73771861,1581.14133064
-988.93709838,1581.12558800
-989.13646511,1581.10967714
-989.33582009,1581.09361605
-989.53516461,1581.07742271
-989.73449993,1581.06111513
-989.93382736,1581.04471128
-990.13314815,1581.02822914
-990.33246328,1581.01168204
-990.53177281,1580.99507104
-990.73107670,1580.97839521
-990.93037488,1580.96165362
-991.12966729,1580.94484534
-991.32895388,1580.92796946
-991.52823460,1580.91102504
-991.72750937,1580.89401116
-991.92677815,1580.87692689
-992.12604088,1580.85977130
-992.32529745,1580.84254317
-992.52454764,1580.82524034
-992.72379119,1580.80786045
-992.92302784,1580.79040118
-993.12225734,1580.77286018
-993.32147943,1580.75523510
-993.52069386,1580.73752362
-993.71990036,1580.71972337
-993.91909869,1580.70183204
-994.11828858,1580.68384726
-994.31746986,1580.66576743
-994.51664259,1580.64759391
-994.71580696,1580.62932885
-994.91496311,1580.61097438
-995.11411121,1580.59253264
-995.31325142,1580.57400578
-995.51238389,1580.55539593
-995.71150879,1580.53670522
-995.91062628,1580.51793581
-996.10973651,1580.49908983
-996.30883966,1580.48016946
-996.50793594,1580.46117715
-996.70702557,1580.44211544
-996.90610878,1580.42298688
-997.10518581,1580.40379402
-997.30425688,1580.38453941
-997.50332221,1580.36522559
-997.70238205,1580.34585511
-997.90143662,1580.32643052
-998.10048614,1580.30695437
-998.29953085,1580.28742921
-998.49857100,1580.26785776
-998.69760686,1580.24824281
-998.89663870,1580.22858719
-999.09566680,1580.20889370
-999.29469141,1580.18916514
-999.49371283,1580.16940434
-999.69273130,1580.14961410
-999.89174711,1580.12979723
-1000.09076052,1580.10995654
-1000.28977181,1580.09009497
-1000.48878209,1580.07022353
-1000.68779367,1580.05036555
-1000.88680899,1580.03054543
-1001.08583047,1580.01078755
-1001.28486056,1579.99111630
-1001.48390169,1579.97155609
-1001.68295627,1579.95213130
-1001.88202676,1579.93286633
-1002.08111558,1579.91378556
-1002.28022516,1579.89491339
-1002.47935766,1579.87627282
-1002.67851403,1579.85788078
-1002.87769489,1579.83975261
-1003.07690087,1579.82190361
-1003.27613260,1579.80434909
-1003.47539071,1579.78710437
-1003.67467581,1579.77018476
-1003.87398853,1579.75360558
-1004.07332951,1579.73738213
-1004.27269936,1579.72152974
-1004.47209862,1579.70606220
-1004.67152607,1579.69096706
-1004.87097906,1579.67620970
-1005.07045488,1579.66175483
-1005.26995082,1579.64756712
-1005.46946417,1579.63361128
-1005.66899223,1579.61985199
-1005.86853228,1579.60625394
-1006.06808162,1579.59278182
-1006.26763754,1579.57940032
-1006.46719732,1579.56607415
-1006.66675923,1579.55278196
-1006.86632440,1579.53954494
-1007.06589455,1579.52639237
-1007.26547138,1579.51335352
-1007.46505659,1579.50045767
-1007.66465189,1579.48773409
-1007.86425898,1579.47521206
-1008.06387957,1579.46292086
-1008.26351537,1579.45088975
-1008.46316807,1579.43914801
-1008.66283932,1579.42772391
-1008.86252942,1579.41662541
-1009.06223746,1579.40584162
-1009.26196244,1579.39536096
-1009.46170341,1579.38517183
-1009.66145938,1579.37526264
-1009.86122940,1579.36562180
-1010.06101247,1579.35623771
-1010.26080763,1579.34709878
-1010.46061390,1579.33819342
-1010.66043032,1579.32951004
-1010.86025603,1579.32104019
-1011.06009094,1579.31279466
-1011.25993523,1579.30479154
-1011.45978910,1579.29704895
-1011.65965274,1579.28958498
-1011.85952634,1579.28241773
-1012.05941009,1579.27556532
-1012.25930418,1579.26904585
-1012.45920881,1579.26287742
-1012.65912416,1579.25707814
-1012.85905042,1579.25166602
-1013.05898742,1579.24664892
-1013.25893431,1579.24201531
-1013.45889015,1579.23775152
-1013.65885401,1579.23384383
-1013.85882496,1579.23027855
-1014.05880208,1579.22704199
-1014.25878441,1579.22412045
-1014.45877104,1579.22150022
-1014.65876103,1579.21916763
-1014.85875346,1579.21710895
-1015.05874757,1579.21531089
-1015.25874310,1579.21376108
-1015.45873988,1579.21244731
-1015.65873772,1579.21135737
-1015.85873642,1579.21047906
-1016.05873581,1579.20980017
-1016.25873569,1579.20930849
-1016.45873589,1579.20899182
-1016.65873622,1579.20883794
-1016.85873649,1579.20883465
-1017.05873655,1579.20896894
-1017.25873639,1579.20922414
-1017.45873604,1579.20958253
-1017.65873553,1579.21002639
-1017.85873490,1579.21053799
-1018.05873418,1579.21109962
-1018.25873340,1579.21169354
-1018.45873260,1579.21230205
-1018.65873180,1579.21290741
-1018.85873104,1579.21349191
-1019.05873035,1579.21403885
-1019.25872974,1579.21454431
-1019.45872920,1579.21501303
-1019.65872871,1579.21544989
-1019.85872829,1579.21585978
-1020.05872790,1579.21624759
-1020.25872756,1579.21661821
-1020.45872724,1579.21697652
-1020.65872694,1579.21732741
-1020.85872666,1579.21767578
-1021.05872638,1579.21802650
-1021.25872609,1579.21838391
-1021.45872579,1579.21875137
-1021.65872547,1579.21913213
-1021.85872510,1579.21952942
-1022.05872469,1579.21994650
-1022.25872422,1579.22038662
-1022.45872368,1579.22085302
-1022.65872305,1579.22134895
-1022.85872233,1579.22187765
-1023.05872151,1579.22244239
-1023.25872058,1579.22304621
-1023.45871952,1579.22369096
-1023.65871832,1579.22437795
-1023.85871698,1579.22510854
-1024.05871548,1579.22588403
-1024.25871382,1579.22670577
-1024.45871198,1579.22757509
-1024.65870995,1579.22849331
-1024.85870772,1579.22946177
-1025.05870529,1579.23048179
-1025.25870264,1579.23155473
-1025.45869973,1579.23268326
-1025.65869650,1579.23387234
-1025.85869285,1579.23512716
-1026.05868873,1579.23645290
-1026.25868404,1579.23785472
-1026.45867870,1579.23933782
-1026.65867264,1579.24090737
-1026.85866578,1579.24256856
-1027.05865804,1579.24432655
-1027.25864934,1579.24618654
-1027.45863961,1579.24815313
-1027.65862883,1579.25022441
-1027.85861705,1579.25239430
-1028.05860431,1579.25465668
-1028.25859063,1579.25700541
-1028.45857605,1579.25943435
-1028.65856061,1579.26193737
-1028.85854435,1579.26450833
-1029.05852730,1579.26714110
-1029.25850949,1579.26982954
-1029.45849097,1579.27256751
-1029.65847177,1579.27534862
-1029.85845202,1579.27816505
-1030.05843183,1579.28100858
-1030.25841134,1579.28387095
-1030.45839067,1579.28674394
-1030.65836995,1579.28961930
-1030.85834931,1579.29248880
-1031.05832888,1579.29534419
-1031.25830878,1579.29817723
-1031.45828914,1579.30097968
-1031.65827010,1579.30374338
-1031.85825172,1579.30646182
-1032.05823404,1579.30913032
-1032.25821709,1579.31174423
-1032.45820091,1579.31429893
-1032.65818551,1579.31678981
-1032.85817094,1579.31921224
-1033.05815721,1579.32156160
-1033.25814437,1579.32383325
-1033.45813244,1579.32602259
-1033.65812144,1579.32812503
-1033.85811138,1579.33013865
-1034.05810220,1579.33206509
-1034.25809385,1579.33390623
-1034.45808627,1579.33566397
-1034.65807941,1579.33734022
-1034.85807321,1579.33893686
-1035.05806763,1579.34045580
-1035.25806259,1579.34189893
-1035.45805806,1579.34326814
-1035.65805397,1579.34456533
-1035.85805028,1579.34579189
-1036.05804697,1579.34694795
-1036.25804405,1579.34803347
-1036.45804149,1579.34904841
-1036.65803930,1579.34999271
-1036.85803745,1579.35086635
-1037.05803594,1579.35166927
-1037.25803476,1579.35240142
-1037.45803390,1579.35306277
-1037.65803335,1579.35365328
-1037.85803309,1579.35417226
-1038.05803308,1579.35461522
-1038.25803324,1579.35497621
-1038.45803350,1579.35524928
-1038.65803381,1579.35542847
-1038.85803409,1579.35550783
-1039.05803427,1579.35548141
-1039.25803430,1579.35534325
-1039.45803410,1579.35508740
-1039.65803360,1579.35470791
-1039.85803274,1579.35419910
-1040.05803151,1579.35356365
-1040.25802991,1579.35281390
-1040.45802800,1579.35196273
-1040.65802580,1579.35102302
-1040.85802334,1579.35000766
-1041.05802065,1579.34892952
-1041.25801777,1579.34780148
-1041.45801473,1579.34663643
-1041.65801156,1579.34544724
-1041.85800829,1579.34424679
-1042.05800494,1579.34304552
-1042.25800151,1579.34184201
-1042.45799796,1579.34063134
-1042.65799428,1579.33940855
-1042.85799045,1579.33816871
-1043.05798643,1579.33690688
-1043.25798220,1579.33561812
-1043.45797774,1579.33429748
-1043.65797302,1579.33294003
-1043.85796803,1579.33154082
-1044.05796274,1579.33009495
-1044.25795712,1579.32859944
-1044.45795115,1579.32705403
-1044.65794483,1579.32545869
-1044.85793812,1579.32381338
-1045.05793102,1579.32211807
-1045.25792349,1579.32037272
-1045.45791553,1579.31857729
-1045.65790712,1579.31673174
-1045.85789823,1579.31483605
-1046.05788884,1579.31289017
-1046.25787896,1579.31089465
-1046.45786862,1579.30885611
-1046.65785795,1579.30678483
-1046.85784703,1579.30469113
-1047.05783599,1579.30258533
-1047.25782490,1579.30047775
-1047.45781389,1579.29837871
-1047.65780305,1579.29629852
-1047.85779249,1579.29424752
-1048.05778231,1579.29223602
-1048.25777262,1579.29027435
-1048.45776349,1579.28837068
-1048.65775490,1579.28652346
-1048.85774682,1579.28472837
-1049.05773918,1579.28298108
-1049.25773195,1579.28127726
-1049.45772508,1579.27961260
-1049.65771851,1579.27798278
-1049.85771221,1579.27638345
-1050.05770613,1579.27481031
-1050.25770021,1579.27325902
-1050.45769441,1579.27172527
-1050.65768870,1579.27020595
-1050.85768308,1579.26870098
-1051.05767755,1579.26721080
-1051.25767212,1579.26573579
-1051.45766679,1579.26427638
-1051.65766157,1579.26283298
-1051.85765646,1579.26140599
-1052.05765147,1579.25999583
-1052.25764661,1579.25860290
-1052.45764187,1579.25722762
-1052.65763727,1579.25587041
-1052.85763281,1579.25453235
-1053.05762849,1579.25321568
-1053.25762434,1579.25192276
-1053.45762036,1579.25065595
-1053.65761655,1579.24941759
-1053.85761293,1579.24821003
-1054.05760950,1579.24703564
-1054.25760628,1579.24589675
-1054.45760328,1579.24479574
-1054.65760049,1579.24373494
-1054.85759794,1579.24271671
-1055.05759562,1579.24174293
-1055.25759352,1579.24081491
-1055.45759164,1579.23993391
-1055.65758998,1579.23910121
-1055.85758851,1579.23831806
-1056.05758723,1579.23758573
-1056.25758614,1579.23690549
-1056.45758522,1579.23627859
-1056.65758447,1579.23570631
-1056.85758388,1579.23518991
-1057.05758344,1579.23473064
-1057.25758314,1579.23432944
-1057.45758295,1579.23398686
-1057.65758286,1579.23370340
-1057.85758283,1579.23347961
-1058.05758286,1579.23331600
-1058.25758291,1579.23321309
-1058.45758297,1579.23317140
-1058.65758302,1579.23319145
-1058.85758302,1579.23327377
-1059.05758297,1579.23341882
-1059.25758285,1579.23362441
-1059.45758267,1579.23388494
-1059.65758242,1579.23419454
-1059.85758212,1579.23454739
-1060.05758176,1579.23493762
-1060.25758136,1579.23535940
-1060.45758092,1579.23580687
-1060.65758043,1579.23627418
-1060.85757991,1579.23675550
-1061.05757936,1579.23724499
-1061.25757879,1579.23773886
-1061.45757819,1579.23823658
-1061.65757757,1579.23873799
-1061.85757694,1579.23924286
-1062.05757629,1579.23975102
-1062.25757562,1579.24026227
-1062.45757494,1579.24077640
-1062.65757426,1579.24129323
-1062.85757357,1579.24181256
-1063.05757287,1579.24233419
-1063.25757218,1579.24285751
-1063.45757149,1579.24338079
-1063.65757080,1579.24390215
-1063.85757013,1579.24441971
-1064.05756948,1579.24493157
-1064.25756885,1579.24543585
-1064.45756824,1579.24593067
-1064.65756766,1579.24641412
-1064.85756712,1579.24688434
-1065.05756661,1579.24733943
-1065.25756615,1579.24777839
-1065.45756572,1579.24820462
-1065.65756530,1579.24862284
-1065.85756489,1579.24903779
-1066.05756448,1579.24945419
-1066.25756404,1579.24987677
-1066.45756357,1579.25031028
-1066.65756305,1579.25075943
-1066.85756247,1579.25122896
-1067.05756183,1579.25172360
-1067.25756109,1579.25224765
-1067.45756028,1579.25280040
-1067.65755940,1579.25337790
-1067.85755847,1579.25397617
-1068.05755751,1579.25459120
-1068.25755651,1579.25521900
-1068.45755551,1579.25585557
-1068.65755451,1579.25649691
-1068.85755353,1579.25713904
-1069.05755259,1579.25777794
-1069.25755169,1579.25840961
-1069.45755084,1579.25902896
-1069.65755006,1579.25962951
-1069.85754934,1579.26020472
-1070.05754868,1579.26074804
-1070.25754810,1579.26125290
-1070.45754760,1579.26171275
-1070.65754718,1579.26212103
-1070.85754684,1579.26247119
-1071.05754658,1579.26275668
-1071.25754642,1579.26297095
-1071.45754635,1579.26310991
-1071.65754635,1579.26317499
-1071.85754638,1579.26316834
-1072.05754644,1579.26309209
-1072.25754649,1579.26294842
-1072.45754650,1579.26273946
-1072.65754646,1579.26246737
-1072.85754635,1579.26213430
-1073.05754613,1579.26174240
-1073.25754578,1579.26129382
-1073.45754528,1579.26079030
-1073.65754462,1579.26023229
-1073.85754379,1579.25962005
-1074.05754277,1579.25895379
-1074.25754154,1579.25823374
-1074.45754010,1579.25746015
-1074.65753844,1579.25663325
-1074.85753653,1579.25575326
-1075.05753437,1579.25482042
-1075.25753195,1579.25383497
-1075.45752925,1579.25279725
-1075.65752628,1579.25170956
-1075.85752306,1579.25057571
-1076.05751960,1579.24939952
-1076.25751592,1579.24818484
-1076.45751205,1579.24693551
-1076.65750799,1579.24565537
-1076.85750376,1579.24434826
-1077.05749939,1579.24301802
-1077.25749490,1579.24166849
-1077.45749029,1579.24030350
-1077.65748559,1579.23892679
-1077.85748082,1579.23754087
-1078.05747598,1579.23614756
-1078.25747110,1579.23474870
-1078.45746618,1579.23334610
-1078.65746124,1579.23194157
-1078.85745629,1579.23053694
-1079.05745136,1579.22913403
-1079.25744645,1579.22773466
-1079.45744158,1579.22634064
-1079.65743676,1579.22495380
-1079.85743200,1579.22357564
-1080.05742730,1579.22220618
-1080.25742267,1579.22084495
-1080.45741809,1579.21949149
-1080.65741356,1579.21814534
-1080.85740908,1579.21680604
-1081.05740465,1579.21547313
-1081.25740025,1579.21414614
-1081.45739589,1579.21282462
-1081.65739156,1579.21150811
-1081.85738726,1579.21019614
-1082.05738297,1579.20888779
-1082.25737870,1579.20758130
-1082.45737443,1579.20627483
-1082.65737015,1579.20496652
-1082.85736584,1579.20365452
-1083.05736149,1579.20233699
-1083.25735711,1579.20101208
-1083.45735266,1579.19967794
-1083.65734814,1579.19833271
-1083.85734355,1579.19697455
-1084.05733886,1579.19560208
-1084.25733411,1579.19421853
-1084.45732933,1579.19282969
-1084.65732454,1579.19144141
-1084.85731980,1579.19005950
-1085.05731512,1579.18868981
-1085.25731056,1579.18733818
-1085.45730614,1579.18601042
-1085.65730190,1579.18471237
-1085.85729788,1579.18344987
-1086.05729411,1579.18222870
-1086.25729060,1579.18105074
-1086.45728732,1579.17991150
-1086.65728425,1579.17880589
-1086.85728135,1579.17772885
-1087.05727859,1579.17667528
-1087.25727593,1579.17564009
-1087.45727336,1579.17461822
-1087.65727083,1579.17360457
-1087.85726832,1579.17259406
-1088.05726580,1579.17158161
-1088.25726323,1579.17056327
-1088.45726062,1579.16953903
-1088.65725798,1579.16850975
-1088.85725531,1579.16747631
-1089.05725262,1579.16643957
-1089.25724992,1579.16540039
-1089.45724720,1579.16435965
-1089.65724448,1579.16331820
-1089.85724176,1579.16227692
-1090.05723904,1579.16123667
-1090.25723634,1579.16019813
-1090.45723365,1579.15916089
-1090.65723096,1579.15812413
-1090.85722827,1579.15708707
-1091.05722557,1579.15604890
-1091.25722287,1579.15500882
-1091.45722016,1579.15396601
-1091.65721742,1579.15291969
-1091.85721466,1579.15186905
-1092.05721188,1579.15081328
-1092.25720906,1579.14975174
-1092.45720622,1579.14868483
-1092.65720334,1579.14761340
-1092.85720045,1579.14653827
-1093.05719755,1579.14546030
-1093.25719463,1579.14438031
-1093.45719171,1579.14329916
-1093.65718878,1579.14221768
-1093.85718586,1579.14113671
-1094.05718295,1579.14005709
-1094.25718005,1579.13897966
-1094.45717717,1579.13790501
-1094.65717430,1579.13683264
-1094.85717144,1579.13576174
-1095.05716858,1579.13469152
-1095.25716572,1579.13362120
-1095.45716285,1579.13254996
-1095.65715997,1579.13147703
-1095.85715708,1579.13040161
-1096.05715417,1579.12932289
-1096.25715123,1579.12824010
-1096.45714826,1579.12715243
-1096.65714526,1579.12605977
-1096.85714223,1579.12496318
-1097.05713920,1579.12386389
-1097.25713615,1579.12276310
-1097.45713311,1579.12166201
-1097.65713008,1579.12056184
-1097.85712707,1579.11946379
-1098.05712408,1579.11836908
-1098.25712113,1579.11727891
-1098.45711823,1579.11619450
-1098.65711537,1579.11511718
-1098.85711258,1579.11404974
-1099.05710987,1579.11299586
-1099.25710723,1579.11195919
-1099.45710470,1579.11094342
-1099.65710227,1579.10995221
-1099.85709997,1579.10898925
-1100.05709779,1579.10805820
-1100.25709576,1579.10716273
-1100.45709388,1579.10630652
-1100.65709217,1579.10549322
-1100.85709063,1579.10472377
-1101.05708924,1579.10399397
-1101.25708799,1579.10329899
-1101.45708685,1579.10263405
-1101.65708583,1579.10199432
-1101.85708489,1579.10137501
-1102.05708402,1579.10077132
-1102.25708320,1579.10017842
-1102.45708243,1579.09959153
-1102.65708167,1579.09900584
-1102.85708092,1579.09841641
-1103.05708014,1579.09781776
-1103.25707931,1579.09720424
-1103.45707840,1579.09657017
-1103.65707737,1579.09590991
-1103.85707621,1579.09521780
-1104.05707487,1579.09448818
-1104.25707333,1579.09371538
-1104.45707156,1579.09289375
-1104.65706954,1579.09201764
-1104.85706723,1579.09108207
-1105.05706464,1579.09008926
-1105.25706182,1579.08904565
-1105.45705879,1579.08795775
-1105.65705559,1579.08683204
-1105.85705226,1579.08567503
-1106.05704882,1579.08449321
-1106.25704532,1579.08329309
-1106.45704178,1579.08208117
-1106.65703825,1579.08086394
-1106.85703475,1579.07964790
-1107.05703131,1579.07843990
-1107.25702797,1579.07724735
-1107.45702475,1579.07607775
-1107.65702166,1579.07493857
-1107.85701873,1579.07383729
-1108.05701599,1579.07278140
-1108.25701346,1579.07177838
-1108.45701117,1579.07083571
-1108.65700913,1579.06996087
-1108.85700737,1579.06916135
-1109.05700591,1579.06844400
-1109.25700475,1579.06780659
-1109.45700384,1579.06724015
-1109.65700316,1579.06673555
-1109.85700266,1579.06628366
-1110.05700231,1579.06587534
-1110.25700207,1579.06550145
-1110.45700192,1579.06515286
-1110.65700180,1579.06482044
-1110.85700170,1579.06449506
-1111.05700156,1579.06416758
-1111.25700138,1579.06383144
-1111.45700114,1579.06348680
-1111.65700086,1579.06313491
-1111.85700055,1579.06277703
-1112.05700020,1579.06241441
-1112.25699984,1579.06204830
-1112.45699946,1579.06167996
-1112.65699908,1579.06131063
-1112.85699870,1579.06094158
-1113.05699832,1579.06057405
-1113.25699796,1579.06020905
-1113.45699762,1579.05984633
-1113.65699728,1579.05948520
-1113.85699695,1579.05912500
-1114.05699663,1579.05876506
-1114.25699631,1579.05840470
-1114.45699600,1579.05804325
-1114.65699568,1579.05768004
-1114.85699535,1579.05731440
-1115.05699502,1579.05694565
-1115.25699468,1579.05657317
-1115.45699433,1579.05619723
-1115.65699398,1579.05581900
-1115.85699362,1579.05543972
-1116.05699326,1579.05506061
-1116.25699290,1579.05468288
-1116.45699254,1579.05430777
-1116.65699220,1579.05393649
-1116.85699186,1579.05357026
-1117.05699154,1579.05321032
-1117.25699123,1579.05285788
-1117.45699094,1579.05251414
-1117.65699067,1579.05218019
-1117.85699042,1579.05185709
-1118.05699019,1579.05154589
-1118.25698998,1579.05124766
-1118.45698978,1579.05096344
-1118.65698960,1579.05069429
-1118.85698945,1579.05044127
-1119.05698931,1579.05020544
-1119.25698918,1579.04998785
-1119.45698908,1579.04978952
-1119.65698899,1579.04960997
-1119.85698892,1579.04944693
-1120.05698886,1579.04929802
-1120.25698881,1579.04916084
-1120.45698877,1579.04903300
-1120.65698874,1579.04891213
-1120.85698871,1579.04879582
-1121.05698868,1579.04868170
-1121.25698866,1579.04856738
-1121.45698864,1579.04845046
-1121.65698861,1579.04832848
-1121.85698858,1579.04819862
-1122.05698854,1579.04805800
-1122.25698848,1579.04790375
-1122.45698841,1579.04773297
-1122.65698833,1579.04754280
-1122.85698822,1579.04733034
-1123.05698808,1579.04709272
-1123.25698791,1579.04682705
-1123.45698772,1579.04653044
-1123.65698749,1579.04620086
-1123.85698722,1579.04584406
-1124.05698694,1579.04547011
-1124.25698665,1579.04508914
-1124.45698634,1579.04471126
-1124.65698605,1579.04434658
-1124.85698576,1579.04400523
-1125.05698550,1579.04369731
-1125.25698526,1579.04343295
-1125.45698507,1579.04322226
-1125.65698492,1579.04307490
-1125.85698481,1579.04299088
-1126.05698475,1579.04296119
-1126.25698472,1579.04297643
-1126.45698472,1579.04302725
-1126.65698474,1579.04310426
-1126.85698478,1579.04319809
-1127.05698483,1579.04329935
-1127.25698488,1579.04339867
-1127.45698493,1579.04348668
-1127.65698497,1579.04355421
-1127.85698500,1579.04359868
-1128.05698502,1579.04362502
-1128.25698503,1579.04363858
-1128.45698504,1579.04364470
-1128.65698503,1579.04364872
-1128.85698502,1579.04365599
-1129.05698500,1579.04367185
-1129.25698498,1579.04370165
-1129.45698495,1579.04375073
-1129.65698492,1579.04382437
-1129.85698489,1579.04392538
-1130.05698485,1579.04405341
-1130.25698479,1579.04420789
-1130.45698472,1579.04438825
-1130.65698464,1579.04459394
-1130.85698453,1579.04482437
-1131.05698439,1579.04507900
-1131.25698422,1579.04535725
-1131.45698402,1579.04565855
-1131.65698378,1579.04598235
-1131.85698350,1579.04632818
-1132.05698317,1579.04669580
-1132.25698280,1579.04708494
-1132.45698239,1579.04749537
-1132.65698194,1579.04792683
-1132.85698143,1579.04837909
-1133.05698088,1579.04885188
-1133.25698028,1579.04934498
-1133.45697962,1579.04985812
-1133.65697892,1579.05039107
-1133.85697816,1579.05094351
-1134.05697735,1579.05151494
-1134.25697648,1579.05210483
-1134.45697557,1579.05271266
-1134.65697460,1579.05333789
-1134.85697357,1579.05397999
-1135.05697250,1579.05463843
-1135.25697137,1579.05531268
-1135.45697019,1579.05600221
-1135.65696895,1579.05670648
-1135.85696766,1579.05742478
-1136.05696633,1579.05815500
-1136.25696497,1579.05889447
-1136.45696358,1579.05964047
-1136.65696217,1579.06039032
-1136.85696076,1579.06114132
-1137.05695936,1579.06189078
-1137.25695797,1579.06263600
-1137.45695660,1579.06337428
-1137.65695527,1579.06410293
-1137.85695399,1579.06481932
-1138.05695275,1579.06552346
-1138.25695155,1579.06621874
-1138.45695036,1579.06690875
-1138.65694919,1579.06759712
-1138.85694800,1579.06828745
-1139.05694679,1579.06898335
-1139.25694555,1579.06968842
-1139.45694426,1579.07040629
-1139.65694290,1579.07114055
-1139.85694148,1579.07189481
-1140.05693996,1579.07267218
-1140.25693836,1579.07347291
-1140.45693667,1579.07429628
-1140.65693489,1579.07514157
-1140.85693302,1579.07600806
-1141.05693107,1579.07689501
-1141.25692903,1579.07780172
-1141.45692690,1579.07872745
-1141.65692469,1579.07967148
-1141.85692239,1579.08063309
-1142.05692001,1579.08161155
-1142.25691755,1579.08260525
-1142.45691503,1579.08361103
-1142.65691247,1579.08462552
-1142.85690987,1579.08564538
-1143.05690726,1579.08666725
-1143.25690466,1579.08768779
-1143.45690208,1579.08870363
-1143.65689953,1579.08971143
-1143.85689704,1579.09070784
-1144.05689462,1579.09168950
-1144.25689229,1579.09265322
-1144.45689005,1579.09359872
-1144.65688788,1579.09452836
-1144.85688578,1579.09544456
-1145.05688373,1579.09634976
-1145.25688172,1579.09724639
-1145.45687975,1579.09813690
-1145.65687779,1579.09902371
-1145.85687583,1579.09990926
-1146.05687388,1579.10079598
-1146.25687190,1579.10168631
-1146.45686990,1579.10258253
-1146.65686786,1579.10348526
-1146.85686580,1579.10439420
-1147.05686370,1579.10530902
-1147.25686158,1579.10622941
-1147.45685944,1579.10715504
-1147.65685728,1579.10808560
-1147.85685509,1579.10902075
-1148.05685288,1579.10996019
-1148.25685066,1579.11090358
-1148.45684842,1579.11185061
-1148.65684617,1579.11280079
-1148.85684391,1579.11375246
-1149.05684165,1579.11470336
-1149.25683941,1579.11565124
-1149.45683720,1579.11659385
-1149.65683501,1579.11752894
-1149.85683287,1579.11845425
-1150.05683079,1579.11936754
-1150.25682877,1579.12026655
-1150.45682682,1579.12114904
-1150.65682495,1579.12201274
-1150.85682317,1579.12285588
-1151.05682149,1579.12367829
-1151.25681989,1579.12448020
-1151.45681837,1579.12526181
-1151.65681693,1579.12602333
-1151.85681556,1579.12676499
-1152.05681427,1579.12748699
-1152.25681305,1579.12818954
-1152.45681189,1579.12887287
-1152.65681080,1579.12953717
-1152.85680976,1579.13018277
-1153.05680878,1579.13081037
-1153.25680785,1579.13142075
-1153.45680698,1579.13201472
-1153.65680614,1579.13259307
-1153.85680535,1579.13315659
-1154.05680460,1579.13370607
-1154.25680389,1579.13424232
-1154.45680321,1579.13476612
-1154.65680256,1579.13527828
-1154.85680193,1579.13577956
-1155.05680133,1579.13627069
-1155.25680075,1579.13675237
-1155.45680020,1579.13722530
-1155.65679966,1579.13769017
-1155.85679913,1579.13814769
-1156.05679863,1579.13859855
-1156.25679813,1579.13904345
-1156.45679765,1579.13948310
-1156.65679718,1579.13991819
-1156.85679671,1579.14034943
-1157.05679625,1579.14077695
-1157.25679580,1579.14119986
-1157.45679536,1579.14161711
-1157.65679494,1579.14202766
-1157.85679453,1579.14243047
-1158.05679414,1579.14282450
-1158.25679377,1579.14320870
-1158.45679343,1579.14358204
-1158.65679311,1579.14394347
-1158.85679282,1579.14429196
-1159.05679256,1579.14462644
-1159.25679233,1579.14494556
-1159.45679214,1579.14524744
-1159.65679197,1579.14553021
-1159.85679183,1579.14579198
-1160.05679171,1579.14603087
-1160.25679161,1579.14624499
-1160.45679153,1579.14643245
-1160.65679147,1579.14659137
-1160.85679142,1579.14671987
-1161.05679139,1579.14681606
-1161.25679137,1579.14687833
-1161.45679135,1579.14690889
-1161.65679135,1579.14691277
-1161.85679135,1579.14689504
-1162.05679135,1579.14686078
-1162.25679136,1579.14681509
-1162.45679137,1579.14676304
-1162.65679137,1579.14670972
-1162.85679137,1579.14666021
-1163.05679137,1579.14661960
-1163.25679136,1579.14659296
-1163.45679135,1579.14658397
-1163.65679133,1579.14658995
-1163.85679131,1579.14660639
-1164.05679129,1579.14662878
-1164.25679127,1579.14665263
-1164.45679126,1579.14667344
-1164.65679125,1579.14668670
-1164.85679126,1579.14668792
-1165.05679129,1579.14667259
-1165.25679133,1579.14663621
-1165.45679139,1579.14657446
-1165.65679148,1579.14648947
-1165.85679157,1579.14639113
-1166.05679165,1579.14628983
-1166.25679173,1579.14619596
-1166.45679178,1579.14611989
-1166.65679180,1579.14607201
-1166.85679178,1579.14606270
-1167.05679171,1579.14610235
-1167.25679157,1579.14620133
-1167.45679136,1579.14637004
-1167.65679106,1579.14661557
-1167.85679070,1579.14693117
-1168.05679028,1579.14730641
-1168.25678980,1579.14773088
-1168.45678929,1579.14819415
-1168.65678875,1579.14868578
-1168.85678820,1579.14919537
-1169.05678765,1579.14971249
-1169.25678710,1579.15022671
-1169.45678657,1579.15072760
-1169.65678608,1579.15120528
-1169.85678562,1579.15165728
-1170.05678519,1579.15208668
-1170.25678478,1579.15249667
-1170.45678439,1579.15289046
-1170.65678402,1579.15327123
-1170.85678367,1579.15364219
-1171.05678331,1579.15400654
-1171.25678297,1579.15436748
-1171.45678262,1579.15472820
-1171.65678226,1579.15509187
-1171.85678190,1579.15545992
-1172.05678153,1579.15583106
-1172.25678117,1579.15620374
-1172.45678081,1579.15657643
-1172.65678045,1579.15694759
-1172.85678012,1579.15731571
-1173.05677979,1579.15767923
-1173.25677949,1579.15803662
-1173.45677922,1579.15838636
-1173.65677897,1579.15872690
-1173.85677876,1579.15905609
-1174.05677857,1579.15937022
-1174.25677842,1579.15966532
-1174.45677828,1579.15993742
-1174.65677817,1579.16018258
-1174.85677808,1579.16039682
-1175.05677800,1579.16057619
-1175.25677793,1579.16071671
-1175.45677787,1579.16081444
-1175.65677782,1579.16086540
-1175.85677777,1579.16086733
-1176.05677772,1579.16082342
-1176.25677768,1579.16073796
-1176.45677763,1579.16061525
-1176.65677758,1579.16045959
-1176.85677753,1579.16027527
-1177.05677747,1579.16006659
-1177.25677740,1579.15983783
-1177.45677732,1579.15959331
-1177.65677723,1579.15933730
-1177.85677712,1579.15907385
-1178.05677700,1579.15880339
-1178.25677686,1579.15852377
-1178.45677668,1579.15823275
-1178.65677648,1579.15792813
-1178.85677623,1579.15760768
-1179.05677594,1579.15726917
-1179.25677561,1579.15691040
-1179.45677521,1579.15652913
-1179.65677476,1579.15612315
-1179.85677424,1579.15569024
-1180.05677366,1579.15522915
-1180.25677302,1579.15474540
-1180.45677235,1579.15424740
-1180.65677168,1579.15374356
-1180.85677102,1579.15324229
-1181.05677040,1579.15275200
-1181.25676985,1579.15228109
-1181.45676938,1579.15183799
-1181.65676902,1579.15143111
-1181.85676879,1579.15106884
-1182.05676872,1579.15075961
-1182.25676881,1579.15051104
-1182.45676902,1579.15032842
-1182.65676930,1579.15021663
-1182.85676960,1579.15018054
-1183.05676986,1579.15022501
-1183.25677003,1579.15035492
-1183.45677007,1579.15057515
-1183.65676991,1579.15089055
-1183.85676952,1579.15130601
-1184.05676883,1579.15182639
-1184.25676780,1579.15245644
-1184.45676640,1579.15319636
-1184.65676461,1579.15404039
-1184.85676243,1579.15498244
-1185.05675987,1579.15601639
-1185.25675690,1579.15713611
-1185.45675352,1579.15833549
-1185.65674974,1579.15960842
-1185.85674554,1579.16094878
-1186.05674091,1579.16235044
-1186.25673586,1579.16380730
-1186.45673038,1579.16531320
-1186.65672451,1579.16686160
-1186.85671830,1579.16844572
-1187.05671183,1579.17005877
-1187.25670514,1579.17169398
-1187.45669831,1579.17334456
-1187.65669139,1579.17500373
-1187.85668444,1579.17666471
-1188.05667752,1579.17832071
-1188.25667070,1579.17996494
-1188.45666404,1579.18159064
-1188.65665758,1579.18319281
-1188.85665130,1579.18477360
-1189.05664518,1579.18633700
-1189.25663917,1579.18788695
-1189.45663324,1579.18942741
-1189.65662737,1579.19096236
-1189.85662151,1579.19249574
-1190.05661563,1579.19403153
-1190.25660971,1579.19557367
-1190.45660370,1579.19712613
-1190.65659757,1579.19869283
-1190.85659131,1579.20027528
-1191.05658494,1579.20187172
-1191.25657847,1579.20348014
-1191.45657192,1579.20509853
-1191.65656530,1579.20672489
-1191.85655864,1579.20835721
-1192.05655195,1579.20999348
-1192.25654524,1579.21163169
-1192.45653853,1579.21326984
-1192.65653185,1579.21490591
-1192.85652520,1579.21653834
-1193.05651857,1579.21816849
-1193.25651194,1579.21979882
-1193.45650528,1579.22143182
-1193.65649858,1579.22306998
-1193.85649182,1579.22471578
-1194.05648496,1579.22637171
-1194.25647800,1579.22804025
-1194.45647090,1579.22972389
-1194.65646365,1579.23142511
-1194.85645622,1579.23314631
-1195.05644861,1579.23488737
-1195.25644087,1579.23664519
-1195.45643300,1579.23841652
-1195.65642505,1579.24019812
-1195.85641705,1579.24198672
-1196.05640902,1579.24377909
-1196.25640099,1579.24557196
-1196.45639300,1579.24736209
-1196.65638508,1579.24914622
-1196.85637725,1579.25092111
-1197.05636952,1579.25268676
-1197.25636181,1579.25445055
-1197.45635403,1579.25622089
-1197.65634611,1579.25800620
-1197.85633797,1579.25981490
-1198.05632951,1579.26165540
-1198.25632066,1579.26353611
-1198.45631133,1579.26546546
-1198.65630144,1579.26745185
-1198.85629091,1579.26950371
-1199.05627964,1579.27162902
-1199.25626754,1579.27383435
-1199.45625448,1579.27612601
-1199.65624036,1579.27851031
-1199.85622506,1579.28099353
-1200.05620847,1579.28358198
-1200.25619048,1579.28628197
-1200.45617097,1579.28909978
-1200.65614983,1579.29204173
-1200.85612696,1579.29511410
-1201.05610222,1579.29832334
-1201.25607532,1579.30167748
-1201.45604588,1579.30518560
-1201.65601348,1579.30885678
-1201.85597775,1579.31270012
-1202.05593828,1579.31672471
-1202.25589467,1579.32093965
-1202.45584653,1579.32535403
-1202.65579347,1579.32997694
-1202.85573508,1579.33481748
-1203.05567097,1579.33988474
-1203.25560078,1579.34518592
-1203.45552434,1579.35072054
-1203.65544151,1579.35648622
-1203.85535216,1579.36248052
-1204.05525614,1579.36870105
-1204.25515334,1579.37514540
-1204.45504360,1579.38181116
-1204.65492679,1579.38869593
-1204.85480278,1579.39579728
-1205.05467144,1579.40311282
-1205.25453260,1579.41064044
-1205.45438573,1579.41838475
-1205.65422990,1579.42635686
-1205.85406418,1579.43456818
-1206.05388762,1579.44303008
-1206.25369928,1579.45175397
-1206.45349823,1579.46075123
-1206.65328352,1579.47003327
-1206.85305421,1579.47961146
-1207.05280938,1579.48949721
-1207.25254807,1579.49970186
-1207.45226997,1579.51022640
-1207.65197619,1579.52104721
-1207.85166807,1579.53213714
-1208.05134693,1579.54346903
-1208.25101412,1579.55501571
-1208.45067096,1579.56675002
-1208.65031879,1579.57864481
-1208.84995893,1579.59067291
-1209.04959273,1579.60280716
-1209.24922150,1579.61502041
-1209.44884625,1579.62729177
-1209.64846662,1579.63962648
-1209.84808189,1579.65203656
-1210.04769132,1579.66453402
-1210.24729420,1579.67713086
-1210.44688981,1579.68983910
-1210.64647741,1579.70267074
-1210.84605630,1579.71563780
-1211.04562575,1579.72875228
-1211.24518503,1579.74202621
-1211.44473342,1579.75547146
-1211.64427004,1579.76909804
-1211.84379395,1579.78291447
-1212.04330416,1579.79692924
-1212.24279972,1579.81115082
-1212.44227965,1579.82558770
-1212.64174299,1579.84024836
-1212.84118876,1579.85514127
-1213.04061601,1579.87027492
-1213.24002376,1579.88565779
-1213.43941105,1579.90129836
-1213.63877743,1579.91719912
-1213.83812450,1579.93333935
-1214.03745438,1579.94969269
-1214.23676915,1579.96623280
-1214.43607091,1579.98293332
-1214.63536176,1579.99976791
-1214.83464381,1580.01671022
-1215.03391914,1580.03373388
-1215.23318986,1580.05081256
-1215.43245806,1580.06791989
-1215.63172579,1580.08503025
-1215.83099419,1580.10212967
-1216.03026364,1580.11921385
-1216.22953453,1580.13627876
-1216.42880722,1580.15332038
-1216.62808208,1580.17033470
-1216.82735948,1580.18731767
-1217.02663979,1580.20426529
-1217.22592339,1580.22117353
-1217.42521064,1580.23803836
-1217.62450191,1580.25485578
-1217.82379748,1580.27162273
-1218.02309748,1580.28833780
-1218.22240199,1580.30499972
-1218.42171114,1580.32160721
-1218.62102503,1580.33815902
-1218.82034375,1580.35465388
-1219.01966742,1580.37109052
-1219.21899614,1580.38746768
-1219.41833002,1580.40378409
-1219.61766916,1580.42003847
-1219.81701395,1580.43622562
-1220.01636555,1580.45232936
-1220.21572527,1580.46833167
-1220.41509439,1580.48421451
-1220.61447423,1580.49995985
-1220.81386608,1580.51554964
-1221.01327123,1580.53096587
-1221.21269099,1580.54619048
-1221.41212666,1580.56120545
-1221.61157953,1580.57599274
-1221.81105067,1580.59053672
-1222.01054012,1580.60483231
-1222.21004764,1580.61887730
-1222.40957298,1580.63266949
-1222.60911592,1580.64620666
-1222.80867621,1580.65948662
-1223.00825361,1580.67250716
-1223.20784788,1580.68526608
-1223.40745878,1580.69776116
-1223.60708606,1580.70999021
-1223.80672949,1580.72195130
-1224.00638872,1580.73364445
-1224.20606338,1580.74507051
-1224.40575310,1580.75623035
-1224.60545751,1580.76712481
-1224.80517623,1580.77775475
-1225.00490890,1580.78812104
-1225.20465514,1580.79822452
-1225.40441458,1580.80806606
-1225.60418685,1580.81764650
-1225.80397159,1580.82696654
-1226.00376847,1580.83602441
-1226.20357723,1580.84481659
-1226.40339760,1580.85333953
-1226.60322931,1580.86158966
-1226.80307208,1580.86956345
-1227.00292566,1580.87725733
-1227.20278976,1580.88466774
-1227.40266412,1580.89179113
-1227.60254846,1580.89862394
-1227.80244253,1580.90516271
-1228.00234592,1580.91140822
-1228.20225812,1580.91736739
-1228.40217858,1580.92304765
-1228.60210675,1580.92845639
-1228.80204208,1580.93360103
-1229.00198404,1580.93848898
-1229.20193207,1580.94312764
-1229.40188562,1580.94752443
-1229.60184417,1580.95168676
-1229.80180714,1580.95562202
-1230.00177407,1580.95933709
-1230.20174466,1580.96283683
-1230.40171866,1580.96612569
-1230.60169584,1580.96920810
-1230.80167594,1580.97208851
-1231.00165873,1580.97477135
-1231.20164396,1580.97726106
-1231.40163138,1580.97956209
-1231.60162075,1580.98167887
-1231.80161183,1580.98361583
-1232.00160438,1580.98537773
-1232.20159823,1580.98697223
-1232.40159325,1580.98840870
-1232.60158931,1580.98969652
-1232.80158629,1580.99084505
-1233.00158405,1580.99186368
-1233.20158247,1580.99276179
-1233.40158142,1580.99354875
-1233.60158076,1580.99423394
-1233.80158037,1580.99482674
-1234.00158013,1580.99533659
-1234.20157993,1580.99577585
-1234.40157976,1580.99616107
-1234.60157958,1580.99650909
-1234.80157937,1580.99683676
-1235.00157911,1580.99716093
-1235.20157876,1580.99749844
-1235.40157831,1580.99786614
-1235.60157772,1580.99828089
-1235.80157697,1580.99875953
-1236.00157603,1580.99931891
-1236.20157489,1580.99996831
-1236.40157360,1581.00068858
-1236.60157223,1581.00145392
-1236.80157082,1581.00223850
-1237.00156945,1581.00301652
-1237.20156818,1581.00376215
-1237.40156706,1581.00444958
-1237.60156616,1581.00505300
-1237.80156555,1581.00554660
-1238.00156527,1581.00590455
-1238.20156539,1581.00610237
-1238.40156580,1581.00613088
-1238.60156634,1581.00599066
-1238.80156681,1581.00568246
-1239.00156703,1581.00520703
-1239.20156682,1581.00456511
-1239.40156600,1581.00375745
-1239.60156438,1581.00278480
-1239.80156178,1581.00164790
-1240.00155803,1581.00034750
-1240.20155292,1580.99888444
-1240.40154643,1580.99726712
-1240.60153874,1580.99551657
-1240.80153003,1580.99365507
-1241.00152053,1580.99170488
-1241.20151042,1580.98968826
-1241.40149992,1580.98762747
-1241.60148922,1580.98554479
-1241.80147853,1580.98346246
-1242.00146804,1580.98140277
-1242.20145798,1580.97938796
-1242.40144849,1580.97743681
-1242.60143959,1580.97555053
-1242.80143125,1580.97372489
-1243.00142342,1580.97195563
-1243.20141605,1580.97023851
-1243.40140912,1580.96856929
-1243.60140257,1580.96694371
-1243.80139636,1580.96535754
-1244.00139046,1580.96380651
-1244.20138483,1580.96228640
-1244.40137941,1580.96079327
-1244.60137422,1580.95932834
-1244.80136926,1580.95789704
-1245.00136455,1580.95650489
-1245.20136012,1580.95515743
-1245.40135598,1580.95386021
-1245.60135216,1580.95261874
-1245.80134867,1580.95143858
-1246.00134554,1580.95032525
-1246.20134278,1580.94928430
-1246.40134041,1580.94832120
-1246.60133843,1580.94743808
-1246.80133680,1580.94663163
-1247.00133550,1580.94589801
-1247.20133447,1580.94523342
-1247.40133368,1580.94463404
-1247.60133309,1580.94409605
-1247.80133266,1580.94361564
-1248.00133236,1580.94318898
-1248.20133214,1580.94281226
-1248.40133196,1580.94248166
-1248.60133181,1580.94219347
-1248.80133168,1580.94194421
-1249.00133156,1580.94173040
-1249.20133147,1580.94154859
-1249.40133139,1580.94139531
-1249.60133134,1580.94126709
-1249.80133131,1580.94116047
-1250.00133130,1580.94107199
-1250.20133131,1580.94099818
-1250.40133135,1580.94093558
-1250.60133141,1580.94088129
-1250.80133150,1580.94083765
-1251.00133158,1580.94080987
-1251.20133166,1580.94080319
-1251.40133173,1580.94082283
-1251.60133177,1580.94087403
-1251.80133176,1580.94096202
-1252.00133171,1580.94109204
-1252.20133160,1580.94126931
-1252.40133141,1580.94149907
-1252.60133114,1580.94178654
-1252.80133078,1580.94213421
-1253.00133033,1580.94253913
-1253.20132978,1580.94299767
-1253.40132914,1580.94350619
-1253.60132841,1580.94406107
-1253.80132758,1580.94465868
-1254.00132665,1580.94529538
-1254.20132563,1580.94596755
-1254.40132452,1580.94667156
-1254.60132331,1580.94740377
-1254.80132200,1580.94816121
-1255.00132058,1580.94894392
-1255.20131904,1580.94975282
-1255.40131737,1580.95058884
-1255.60131556,1580.95145292
-1255.80131359,1580.95234598
-1256.00131146,1580.95326894
-1256.20130914,1580.95422275
-1256.40130663,1580.95520831
-1256.60130392,1580.95622658
-1256.80130099,1580.95727856
-1257.00129785,1580.95836646
-1257.20129447,1580.95949329
-1257.40129087,1580.96066205
-1257.60128705,1580.96187576
-1257.80128299,1580.96313743
-1258.00127870,1580.96445008
-1258.20127417,1580.96581671
-1258.40126941,1580.96724035
-1258.60126440,1580.96872400
-1258.80125916,1580.97027070
-1259.00125359,1580.97188528
-1259.20124750,1580.97357592
-1259.40124066,1580.97535119
-1259.60123284,1580.97721962
-1259.80122383,1580.97918978
-1260.00121340,1580.98127021
-1260.20120133,1580.98346947
-1260.40118739,1580.98579611
-1260.60117136,1580.98825868
-1260.80115302,1580.99086573
-1261.00113223,1580.99362262
-1261.20110923,1580.99652238
-1261.40108431,1580.99955509
-1261.60105779,1581.00271083
-1261.80102999,1581.00597968
-1262.00100120,1581.00935170
-1262.20097174,1581.01281698
-1262.40094192,1581.01636560
-1262.60091205,1581.01998763
-1262.80088243,1581.02367315
-1263.00085326,1581.02741567
-1263.20082336,1581.03124558
-1263.40079075,1581.03521572
-1263.60075343,1581.03937924
-1263.80070940,1581.04378929
-1264.00065668,1581.04849903
-1264.20059325,1581.05356161
-1264.40051712,1581.05903018
-1264.60042629,1581.06495790
-1264.80031876,1581.07139791
-1265.00019261,1581.07840048
-1265.20004673,1581.08597672
-1265.39988065,1581.09410964
-1265.59969390,1581.10278165
-1265.79948599,1581.11197512
-1265.99925647,1581.12167248
-1266.19900486,1581.13185610
-1266.39873070,1581.14250840
-1266.59843351,1581.15361176
-1266.79811282,1581.16514858
-1266.99776806,1581.17710277
-1267.19739667,1581.18948791
-1267.39699426,1581.20234500
-1267.59655639,1581.21571605
-1267.79607858,1581.22964307
-1267.99555638,1581.24416807
-1268.19498533,1581.25933307
-1268.39436098,1581.27518007
-1268.59367887,1581.29175108
-1268.79293454,1581.30908812
-1268.99212347,1581.32723321
-1269.19123882,1581.34622878
-1269.39027031,1581.36611787
-1269.58920742,1581.38694357
-1269.78803963,1581.40874896
-1269.98675643,1581.43157713
-1270.18534729,1581.45547117
-1270.38380169,1581.48047415
-1270.58210911,1581.50662918
-1270.78025903,1581.53397932
-1270.97824093,1581.56256767
-1271.17604181,1581.59243902
-1271.37364207,1581.62364271
-1271.57102099,1581.65622884
-1271.76815787,1581.69024751
-1271.96503199,1581.72574881
-1272.16162265,1581.76278285
-1272.35790914,1581.80139973
-1272.55387074,1581.84164955
-1272.74948675,1581.88358240
-1272.94473646,1581.92724840
-1273.13959676,1581.97269895
-1273.33403079,1582.01999309
-1273.52799677,1582.06919255
-1273.72145294,1582.12035906
-1273.91435751,1582.17355436
-1274.10666871,1582.22884018
-1274.29834477,1582.28627827
-1274.48934390,1582.34593035
-1274.67962434,1582.40785817
-1274.86914431,1582.47212346
-1275.05786122,1582.53878732
-1275.24572036,1582.60790140
-1275.43265762,1582.67951003
-1275.61860868,1582.75365736
-1275.80350920,1582.83038753
-1275.98729485,1582.90974469
-1276.16990129,1582.99177298
-1276.35126419,1583.07651655
-1276.53131922,1583.16401955
-1276.71000203,1583.25432612
-1276.88724828,1583.34748041
-1277.06298296,1583.44352597
-1277.23710428,1583.54250485
-1277.40950626,1583.64445888
-1277.58008294,1583.74942988
-1277.74872835,1583.85745969
-1277.91533652,1583.96859011
-1278.07980149,1584.08286298
-1278.24201728,1584.20032012
-1278.40187794,1584.32100335
-1278.55927748,1584.44495449
-1278.71410568,1584.57220043
-1278.86623937,1584.70272276
-1279.01555292,1584.83649449
-1279.16192072,1584.97348867
-1279.30521716,1585.11367831
-1279.44531661,1585.25703645
-1279.58209347,1585.40353611
-1279.71542211,1585.55315032
-1279.84517692,1585.70585211
-1279.97123227,1585.86161450
-1280.09347901,1586.02039623
-1280.21188651,1586.18208770
-1280.32644761,1586.34655892
-1280.43715516,1586.51367989
-1280.54400199,1586.68332064
-1280.64698094,1586.85535116
-1280.74608485,1587.02964148
-1280.84130656,1587.20606159
-1280.93263891,1587.38448152
-1281.02007474,1587.56477127
-1281.10361672,1587.74680199
-1281.18336209,1587.93045583
-1281.25946092,1588.11562108
-1281.33206385,1588.30218609
-1281.40132151,1588.49003922
-1281.46738453,1588.67906882
-1281.53040356,1588.86916325
-1281.59052923,1589.06021086
-1281.64791219,1589.25210000
-1281.70270305,1589.44471903
-1281.75505190,1589.63795769
-1281.80509411,1589.83174070
-1281.85294963,1590.02602969
-1281.89873765,1590.22078803
-1281.94257737,1590.41597909
-1281.98458799,1590.61156627
-1282.02488872,1590.80751292
-1282.06359874,1591.00378243
-1282.10083726,1591.20033818
-1282.13672347,1591.39714354
-1282.17137655,1591.59416191
-1282.20490007,1591.79136294
-1282.23735611,1591.98873298
-1282.26879995,1592.18626111
-1282.29928686,1592.38393642
-1282.32887212,1592.58174800
-1282.35761099,1592.77968492
-1282.38555875,1592.97773628
-1282.41277068,1593.17589115
-1282.43930204,1593.37413863
-1282.46520811,1593.57246780
-1282.49053997,1593.77086854
-1282.51531768,1593.96933655
-1282.53954738,1594.16787018
-1282.56323515,1594.36646777
-1282.58638707,1594.56512768
-1282.60900922,1594.76384825
-1282.63110768,1594.96262783
-1282.65268853,1595.16146477
-1282.67375785,1595.36035743
-1282.69432171,1595.55930414
-1282.71438567,1595.75830328
-1282.73394634,1595.95735364
-1282.75299296,1596.15645434
-1282.77151454,1596.35560451
-1282.78950009,1596.55480331
-1282.80693864,1596.75404985
-1282.82381918,1596.95334327
-1282.84013075,1597.15268272
-1282.85586234,1597.35206732
-1282.87100298,1597.55149622
-1282.88554172,1597.75096854
-1282.89947922,1597.95048286
-1282.91284355,1598.15003641
-1282.92566675,1598.34962623
-1282.93798083,1598.54924937
-1282.94981782,1598.74890288
-1282.96120973,1598.94858379
-1282.97218860,1599.14828916
-1282.98278645,1599.34801602
-1282.99303530,1599.54776142
-1283.00296717,1599.74752241
-1283.01261300,1599.94729612
-1283.02198709,1600.14708118
-1283.03109087,1600.34687735
-1283.03992546,1600.54668445
-1283.04849193,1600.74650227
-1283.05679139,1600.94633060
-1283.06482492,1601.14616926
-1283.07259363,1601.34601804
-1283.08009861,1601.54587674
-1283.08734095,1601.74574516
-1283.09432193,1601.94562310
-1283.10104679,1602.14551015
-1283.10752471,1602.34540571
-1283.11376500,1602.54530920
-1283.11977698,1602.74521999
-1283.12556999,1602.94513749
-1283.13115335,1603.14506111
-1283.13653638,1603.34499022
-1283.14172840,1603.54492424
-1283.14673875,1603.74486256
-1283.15157675,1603.94480458
-1283.15625232,1604.14474984
-1283.16077654,1604.34469818
-1283.16516058,1604.54464943
-1283.16941565,1604.74460348
-1283.17355294,1604.94456016
-1283.17758364,1605.14451934
-1283.18151894,1605.34448087
-1283.18537003,1605.54444462
-1283.18914811,1605.74441044
-1283.19286438,1605.94437819
-1283.19652565,1606.14434774
-1283.20011003,1606.34431915
-1283.20358393,1606.54429254
-1283.20691378,1606.74426802
-1283.21006597,1606.94424570
-1283.21300691,1607.14422571
-1283.21570300,1607.34420816
-1283.21812066,1607.54419317
-1283.22022629,1607.74418085
-1283.22198629,1607.94417131
-1283.22336725,1608.14416469
-1283.22435342,1608.34416085
-1283.22496072,1608.54415929
-1283.22520841,1608.74415945
-1283.22511572,1608.94416077
-1283.22470190,1609.14416269
-1283.22398621,1609.34416465
-1283.22298787,1609.54416610
-1283.22172615,1609.74416648
-1283.22022029,1609.94416523
-1283.21848952,1610.14416178
-1283.21655267,1610.34415562
-1283.21442257,1610.54414656
-1283.21210763,1610.74413469
-1283.20961614,1610.94412011
-1283.20695643,1611.14410291
-1283.20413680,1611.34408320
-1283.20116555,1611.54406106
-1283.19805099,1611.74403659
-1283.19480143,1611.94400989
-1283.19142518,1612.14398105
-1283.18793054,1612.34395017
-1283.18432613,1612.54391736
-1283.18062194,1612.74388278
-1283.17682839,1612.94384661
-1283.17295591,1613.14380903
-1283.16901491,1613.34377022
-1283.16501580,1613.54373037
-1283.16096901,1613.74368965
-1283.15688495,1613.94364825
-1283.15277405,1614.14360634
-1283.14864671,1614.34356411
-1283.14451335,1614.54352173
-1283.14038314,1614.74347938
-1283.13626295,1614.94343718
-1283.13215938,1615.14339527
-1283.12807907,1615.34335376
-1283.12402861,1615.54331280
-1283.12001463,1615.74327250
-1283.11604374,1615.94323301
-1283.11212256,1616.14319444
-1283.10825770,1616.34315693
-1283.10445578,1616.54312060
-1283.10072295,1616.74308558
-1283.09705852,1616.94305186
-1283.09345640,1617.14301931
-1283.08991039,1617.34298781
-1283.08641428,1617.54295725
-1283.08296186,1617.74292750
-1283.07954691,1617.94289844
-1283.07616323,1618.14286995
-1283.07280461,1618.34284192
-1283.06946483,1618.54281421
-1283.06613769,1618.74278672
-1283.06281850,1618.94275934
-1283.05950976,1619.14273212
-1283.05621614,1619.34270511
-1283.05294230,1619.54267840
-1283.04969290,1619.74265205
-1283.04647259,1619.94262613
-1283.04328604,1620.14260072
-1283.04013790,1620.34257589
-1283.03703284,1620.54255171
-1283.03397552,1620.74252825
-1283.03097055,1620.94250558
-1283.02801917,1621.14248372
-1283.02511652,1621.34246259
-1283.02225710,1621.54244211
-1283.01943540,1621.74242220
-1283.01664592,1621.94240277
-1283.01388315,1622.14238373
-1283.01114160,1622.34236501
-1283.00841575,1622.54234651
-1283.00570012,1622.74232816
-1283.00298918,1622.94230986
-1283.00027762,1623.14229154
-1282.99756253,1623.34227315
-1282.99484288,1623.54225468
-1282.99211767,1623.74223613
-1282.98938590,1623.94221747
-1282.98664657,1624.14219870
-1282.98389868,1624.34217980
-1282.98114123,1624.54216077
-1282.97837323,1624.74214160
-1282.97559367,1624.94212227
-1282.97280157,1625.14210276
-1282.96999590,1625.34208308
-1282.96717560,1625.54206320
-1282.96433958,1625.74204311
-1282.96148676,1625.94202277
-1282.95861604,1626.14200218
-1282.95572634,1626.34198132
-1282.95281656,1626.54196017
-1282.94988562,1626.74193870
-1282.94693244,1626.94191690
-1282.94395592,1627.14189476
-1282.94095499,1627.34187224
-1282.93793063,1627.54184937
-1282.93488807,1627.74182623
-1282.93183305,1627.94180289
-1282.92877132,1628.14177945
-1282.92570862,1628.34175600
-1282.92265071,1628.54173263
-1282.91960333,1628.74170941
-1282.91657223,1628.94168644
-1282.91356315,1629.14166381
-1282.91058184,1629.34164160
-1282.90763394,1629.54161989
-1282.90472265,1629.74159874
-1282.90184889,1629.94157813
-1282.89901348,1630.14155808
-1282.89621723,1630.34153859
-1282.89346096,1630.54151965
-1282.89074550,1630.74150126
-1282.88807166,1630.94148343
-1282.88544026,1631.14146615
-1282.88285212,1631.34144943
-1282.88030806,1631.54143327
-1282.87780860,1631.74141766
-1282.87535216,1631.94140257
-1282.87293631,1632.14138799
-1282.87055860,1632.34137387
-1282.86821659,1632.54136017
-1282.86590782,1632.74134687
-1282.86362986,1632.94133393
-1282.86138026,1633.14132132
-1282.85915657,1633.34130900
-1282.85695635,1633.54129694
-1282.85477715,1633.74128510
-1282.85261784,1633.94127347
-1282.85048050,1634.14126207
-1282.84836773,1634.34125092
-1282.84628213,1634.54124004
-1282.84422630,1634.74122948
-1282.84220283,1634.94121924
-1282.84021432,1635.14120937
-1282.83826336,1635.34119987
-1282.83635255,1635.54119079
-1282.83448449,1635.74118214
-1282.83266179,1635.94117396
-1282.83088742,1636.14116624
-1282.82916475,1636.34115900
-1282.82749713,1636.54115223
-1282.82588794,1636.74114592
-1282.82434054,1636.94114008
-1282.82285830,1637.14113469
-1282.82144459,1637.34112977
-1282.82010277,1637.54112530
-1282.81883621,1637.74112128
-1282.81764828,1637.94111772
-1282.81654134,1638.14111459
-1282.81551132,1638.34111188
-1282.81455156,1638.54110954
-1282.81365539,1638.74110753
-1282.81281615,1638.94110580
-1282.81202717,1639.14110431
-1282.81128181,1639.34110303
-1282.81057338,1639.54110191
-1282.80989523,1639.74110090
-1282.80924070,1639.94109997
-1282.80860314,1640.14109908
-1282.80797790,1640.34109819
-1282.80736480,1640.54109730
-1282.80676423,1640.74109643
-1282.80617659,1640.94109557
-1282.80560227,1641.14109474
-1282.80504167,1641.34109393
-1282.80449519,1641.54109315
-1282.80396321,1641.74109241
-1282.80344614,1641.94109171
-1282.80294436,1642.14109106
-1282.80245807,1642.34109046
-1282.80198413,1642.54108991
-1282.80151673,1642.74108938
-1282.80104999,1642.94108885
-1282.80057804,1643.14108832
-1282.80009500,1643.34108775
-1282.79959499,1643.54108714
-1282.79907213,1643.74108646
-1282.79852054,1643.94108569
-1282.79793435,1644.14108483
-1282.79730768,1644.34108384
-1282.79663594,1644.54108271
-1282.79592031,1644.74108145
-1282.79516352,1644.94108004
-1282.79436831,1645.14107850
-1282.79353740,1645.34107682
-1282.79267354,1645.54107501
-1282.79177946,1645.74107306
-1282.79085790,1645.94107097
-1282.78991158,1646.14106875
-1282.78894326,1646.34106640
-1282.78795564,1646.54106392
-1282.78695097,1646.74106132
-1282.78593066,1646.94105861
-1282.78489607,1647.14105582
-1282.78384856,1647.34105297
-1282.78278947,1647.54105008
-1282.78172018,1647.74104718
-1282.78064202,1647.94104427
-1282.77955637,1648.14104140
-1282.77846456,1648.34103857
-1282.77736797,1648.54103581
-1282.77626754,1648.74103313
-1282.77515938,1648.94103049
-1282.77403639,1649.14102780
-1282.77289139,1649.34102496
-1282.77171725,1649.54102188
-1282.77050678,1649.74101847
-1282.76925284,1649.94101463
-1282.76794826,1650.14101028
-1282.76658589,1650.34100533
-1282.76515855,1650.54099967
-1282.76365909,1650.74099323
-1282.76208298,1650.94098594
-1282.76043726,1651.14097797
-1282.75873222,1651.34096951
-1282.75697811,1651.54096076
-1282.75518522,1651.74095193
-1282.75336379,1651.94094322
-1282.75152412,1652.14093483
-1282.74967646,1652.34092696
-1282.74783108,1652.54091982
-1282.74599826,1652.74091360
-1282.74418860,1652.94090850
-1282.74242350,1653.14090454
-1282.74073698,1653.34090151
-1282.73916375,1653.54089920
-1282.73773856,1653.74089739
-1282.73649613,1653.94089587
-1282.73547119,1654.14089442
-1282.73469847,1654.34089282
-1282.73421271,1654.54089086
-1282.73404862,1654.74088833
-1282.73424095,1654.94088502
-1282.73481824,1655.14088072
-1282.73575762,1655.34087547
-1282.73701075,1655.54086940
-1282.73852908,1655.74086265
-1282.74026407,1655.94085536
-1282.74216718,1656.14084765
-1282.74418987,1656.34083967
-1282.74628359,1656.54083155
-1282.74839981,1656.74082342
-1282.75048999,1656.94081543
-1282.75250559,1657.14080769
-1282.75441064,1657.34080034
-1282.75620432,1657.54079338
-1282.75789199,1657.74078684
-1282.75947898,1657.94078072
-1282.76097063,1658.14077506
-1282.76237228,1658.34076985
-1282.76368927,1658.54076512
-1282.76492692,1658.74076087
-1282.76609060,1658.94075714
-1282.76718562,1659.14075391
-1282.76821714,1659.34075123
-1282.76918489,1659.54074905
-1282.77008265,1659.74074733
-1282.77090395,1659.94074602
-1282.77164226,1660.14074505
-1282.77229110,1660.34074437
-1282.77284396,1660.54074393
-1282.77329434,1660.74074366
-1282.77363574,1660.94074351
-1282.77386166,1661.14074343
-1282.77396560,1661.34074335
-1282.77394230,1661.54074323
-1282.77379610,1661.74074304
-1282.77353581,1661.94074277
-1282.77317026,1662.14074240
-1282.77270827,1662.34074193
-1282.77215867,1662.54074134
-1282.77153030,1662.74074061
-1282.77083197,1662.94073975
-1282.77007253,1663.14073873
-1282.76926080,1663.34073754
-1282.76840561,1663.54073617
-1282.76751262,1663.74073460
-1282.76657836,1663.94073279
-1282.76559771,1664.14073069
-1282.76456552,1664.34072825
-1282.76347667,1664.54072543
-1282.76232602,1664.74072218
-1282.76110845,1664.94071845
-1282.75981883,1665.14071420
-1282.75845201,1665.34070937
-1282.75700288,1665.54070393
-1282.75546653,1665.74069783
-1282.75384463,1665.94069107
-1282.75214643,1666.14068372
-1282.75038156,1666.34067586
-1282.74855965,1666.54066755
-1282.74669035,1666.74065888
-1282.74478329,1666.94064990
-1282.74284811,1667.14064070
-1282.74089444,1667.34063135
-1282.73893193,1667.54062191
-1282.73697021,1667.74061246
-1282.73501769,1667.94060306
-1282.73307446,1668.14059371
-1282.73113717,1668.34058439
-1282.72920247,1668.54057506
-1282.72726700,1668.74056569
-1282.72532741,1668.94055627
-1282.72338035,1669.14054675
-1282.72142245,1669.34053711
-1282.71945036,1669.54052733
-1282.71746073,1669.74051737
-1282.71545022,1669.94050721
-1282.71341738,1670.14049684
-1282.71136449,1670.34048628
-1282.70929425,1670.54047554
-1282.70720938,1670.74046467
-1282.70511258,1670.94045369
-1282.70300657,1671.14044262
-1282.70089405,1671.34043148
-1282.69877774,1671.54042031
-1282.69666034,1671.74040913
-1282.69454457,1671.94039796
-1282.69243296,1672.14038683
-1282.69032637,1672.34037575
-1282.68822461,1672.54036472
-1282.68612753,1672.74035373
-1282.68403493,1672.94034278
-1282.68194664,1673.14033188
-1282.67986249,1673.34032101
-1282.67778229,1673.54031019
-1282.67570588,1673.74029940
-1282.67363306,1673.94028865
-1282.67156367,1674.14027793
-1282.66949777,1674.34026725
-1282.66743593,1674.54025661
-1282.66537882,1674.74024602
-1282.66332709,1674.94023548
-1282.66128140,1675.14022501
-1282.65924241,1675.34021462
-1282.65721077,1675.54020430
-1282.65518715,1675.74019407
-1282.65317219,1675.94018394
-1282.65116656,1676.14017391
-1282.64917051,1676.34016399
-1282.64718088,1676.54015414
-1282.64519282,1676.74014431
-1282.64320149,1676.94013444
-1282.64120202,1677.14012448
-1282.63918956,1677.34011438
-1282.63715926,1677.54010407
-1282.63510625,1677.74009352
-1282.63302569,1677.94008265
-1282.63091271,1678.14007143
-1282.62876249,1678.34005979
-1282.62657086,1678.54004768
-1282.62433448,1678.74003508
-1282.62205006,1678.94002195
-1282.61971429,1679.14000825
-1282.61732387,1679.33999394
-1282.61487550,1679.53997899
-1282.61236590,1679.73996335
-1282.60979174,1679.93994701
-1282.60714975,1680.13992991
-1282.60443661,1680.33991203
-1282.60164707,1680.53989326
-1282.59877192,1680.73987334
-1282.59580144,1680.93985201
-1282.59272590,1681.13982902
-1282.58953559,1681.33980408
-1282.58622079,1681.53977693
-1282.58277178,1681.73974732
-1282.57917884,1681.93971496
-1282.57543226,1682.13967960
-1282.57152232,1682.33964096
-1282.56744675,1682.53959896
-1282.56322275,1682.73955394
-1282.55887065,1682.93950630
-1282.55441078,1683.13945648
-1282.54986348,1683.33940487
-1282.54524910,1683.53935191
-1282.54058796,1683.73929800
-1282.53590040,1683.93924356
-1282.53120676,1684.13918901
-1282.52652738,1684.33913475
-1282.52188204,1684.53908121
-1282.51728044,1684.73902857
-1282.51272342,1684.93897686
-1282.50821154,1685.13892609
-1282.50374536,1685.33887627
-1282.49932543,1685.53882743
-1282.49495231,1685.73877956
-1282.49062654,1685.93873270
-1282.48634870,1686.13868685
-1282.48211932,1686.33864202
-1282.47793897,1686.53859823
-1282.47380755,1686.73855548
-1282.46972327,1686.93851373
-1282.46568406,1687.13847292
-1282.46168788,1687.33843300
-1282.45773264,1687.53839392
-1282.45381631,1687.73835563
-1282.44993680,1687.93831808
-1282.44609207,1688.13828121
-1282.44228004,1688.33824498
-1282.43849866,1688.53820934
-1282.43474624,1688.73817423
-1282.43102302,1688.93813967
-1282.42732983,1689.13810564
-1282.42366751,1689.33807217
-1282.42003691,1689.53803926
-1282.41643886,1689.73800691
-1282.41287420,1689.93797514
-1282.40934378,1690.13794396
-1282.40584844,1690.33791336
-1282.40238901,1690.53788336
-1282.39896567,1690.73785396
-1282.39557457,1690.93782509
-1282.39221028,1691.13779668
-1282.38886739,1691.33776864
-1282.38554049,1691.53774090
-1282.38222417,1691.73771337
-1282.37891300,1691.93768596
-1282.37560158,1692.13765861
-1282.37228450,1692.33763123
-1282.36895632,1692.53760373
-1282.36561184,1692.73757603
-1282.36225468,1692.93754819
-1282.35890097,1693.13752044
-1282.35556780,1693.33749300
-1282.35227223,1693.53746612
-1282.34903135,1693.73744003
-1282.34586223,1693.93741499
-1282.34278194,1694.13739121
-1282.33980757,1694.33736895
-1282.33695620,1694.53734844
-1282.33424488,1694.73732993
-1282.33168647,1694.93731356
-1282.32927990,1695.13729923
-1282.32702125,1695.33728676
-1282.32490664,1695.53727600
-1282.32293215,1695.73726677
-1282.32109387,1695.93725891
-1282.31938790,1696.13725224
-1282.31781033,1696.33724661
-1282.31635726,1696.53724185
-1282.31502478,1696.73723778
-1282.31380808,1696.93723426
-1282.31269667,1697.13723120
-1282.31167790,1697.33722856
-1282.31073910,1697.53722629
-1282.30986760,1697.73722433
-1282.30905074,1697.93722265
-1282.30827586,1698.13722118
-1282.30753029,1698.33721989
-1282.30680137,1698.53721873
-1282.30607642,1698.73721764
-1282.30534285,1698.93721657
-1282.30458955,1699.13721547
-1282.30380722,1699.33721427
-1282.30298664,1699.53721288
-1282.30211859,1699.73721123
-1282.30119386,1699.93720925
-1282.30020325,1700.13720687
-1282.29913752,1700.33720401
-1282.29798748,1700.53720059
-1282.29674391,1700.73719654
-1282.29539758,1700.93719179
-1282.29394210,1701.13718628
-1282.29238261,1701.33718003
-1282.29072728,1701.53717309
-1282.28898428,1701.73716549
-1282.28716177,1701.93715727
-1282.28526792,1702.13714848
-1282.28331088,1702.33713917
-1282.28129883,1702.53712936
-1282.27923992,1702.73711910
-1282.27714233,1702.93710844
-1282.27501350,1703.13709740
-1282.27285370,1703.33708598
-1282.27065899,1703.53707411
-1282.26842538,1703.73706176
-1282.26614888,1703.93704886
-1282.26382548,1704.13703537
-1282.26145120,1704.33702125
-1282.25902204,1704.53700643
-1282.25653401,1704.73699086
-1282.25398311,1704.93697451
-1282.25136559,1705.13695731
-1282.24868096,1705.33693925
-1282.24593116,1705.53692034
-1282.24311820,1705.73690059
-1282.24024405,1705.93688000
-1282.23731071,1706.13685858
-1282.23432018,1706.33683634
-1282.23127445,1706.53681329
-1282.22817551,1706.73678943
-1282.22502536,1706.93676476
-1282.22182593,1707.13673931
-1282.21857788,1707.33671305
-1282.21528052,1707.53668596
-1282.21193310,1707.73665803
-1282.20853487,1707.93662922
-1282.20508510,1708.13659952
-1282.20158303,1708.33656889
-1282.19802793,1708.53653731
-1282.19441903,1708.73650477
-1282.19075561,1708.93647123
-1282.18703701,1709.13643668
-1282.18326774,1709.33640118
-1282.17946010,1709.53636497
-1282.17562704,1709.73632828
-1282.17178151,1709.93629136
-1282.16793645,1710.13625443
-1282.16410481,1710.33621775
-1282.16029953,1710.53618154
-1282.15653356,1710.73614605
-1282.15281984,1710.93611151
-1282.14917128,1711.13607816
-1282.14559272,1711.33604609
-1282.14207071,1711.53601506
-1282.13858926,1711.73598477
-1282.13513239,1711.93595494
-1282.13168414,1712.13592527
-1282.12822851,1712.33589546
-1282.12474955,1712.53586524
-1282.12123126,1712.73583430
-1282.11765768,1712.93580235
-1282.11401283,1713.13576912
-1282.11028859,1713.33573443
-1282.10650005,1713.53569858
-1282.10266652,1713.73566190
-1282.09880733,1713.93562475
-1282.09494182,1714.13558749
-1282.09108931,1714.33555045
-1282.08726912,1714.53551399
-1282.08350059,1714.73547846
-1282.07980305,1714.93544421
-1282.07619581,1715.13541159
-1282.07269599,1715.33538091
-1282.06930540,1715.53535217
-1282.06601947,1715.73532524
-1282.06283359,1715.93530000
-1282.05974316,1716.13527632
-1282.05674358,1716.33525409
-1282.05383024,1716.53523316
-1282.05099855,1716.73521342
-1282.04824390,1716.93519475
-1282.04556169,1717.13517701
-1282.04294732,1717.33516008
-1282.04039625,1717.53514387
-1282.03790402,1717.73512834
-1282.03546618,1717.93511344
-1282.03307828,1718.13509913
-1282.03073587,1718.33508536
-1282.02843451,1718.53507210
-1282.02616973,1718.73505930
-1282.02393711,1718.93504692
-1282.02173217,1719.13503492
-1282.01955048,1719.33502325
-1282.01738992,1719.53501188
-1282.01525587,1719.73500084
-1282.01315516,1719.93499015
-1282.01109465,1720.13497984
-1282.00908117,1720.33496994
-1282.00712157,1720.53496046
-1282.00522270,1720.73495145
-1282.00339141,1720.93494292
-1282.00163453,1721.13493490
-1281.99995892,1721.33492742
-1281.99837368,1721.53492053
-1281.99690372,1721.73491435
-1281.99558059,1721.93490909
-1281.99443591,1722.13490491
-1281.99350126,1722.33490201
-1281.99280824,1722.53490056
-1281.99238845,1722.73490076
-1281.99227349,1722.93490278
-1281.99249495,1723.13490681
-1281.99308444,1723.33491304
-1281.99407362,1723.53492156
-1281.99549600,1723.73493088
-1281.99738687,1723.93493785
-1281.99978162,1724.13493927
-1282.00271561,1724.33493195
-1282.00622422,1724.53491269
-1282.01034282,1724.73487829
-1282.01510679,1724.93482555
-1282.02055151,1725.13475127
-1282.02671235,1725.33465226
-1282.03362467,1725.53452531
-1282.04132345,1725.73436729
-1282.04984279,1725.93417521
-1282.05921673,1726.13394610
-1282.06947929,1726.33367697
-1282.08066448,1726.53336485
-1282.09280633,1726.73300675
-1282.10593887,1726.93259972
-1282.12009611,1727.13214075
-1282.13531208,1727.33162689
-1282.15162079,1727.53105515
-1282.16907635,1727.73041651
-1282.18781601,1727.92967690
-1282.20799861,1728.12879576
-1282.22978297,1728.32773255
-1282.25332792,1728.52644669
-1282.27879227,1728.72489764
-1282.30633486,1728.92304484
-1282.33611451,1729.12084772
-1282.36829004,1729.31826573
-1282.40302027,1729.51525832
-1282.44045179,1729.71178490
-1282.48062497,1729.90780471
-1282.52352576,1730.10327692
-1282.56913966,1730.29816065
-1282.61745215,1730.49241507
-1282.66844875,1730.68599932
-1282.72211493,1730.87887255
-1282.77843620,1731.07099392
-1282.83739806,1731.26232255
-1282.89898599,1731.45281762
-1282.96318565,1731.64243837
-1283.02998589,1731.83114647
-1283.09937866,1732.01890586
-1283.17135602,1732.20568061
-1283.24591006,1732.39143476
-1283.32303283,1732.57613236
-1283.40271642,1732.75973747
-1283.48495290,1732.94221413
-1283.56973432,1733.12352640
-1283.65705278,1733.30363833
-1283.74690015,1733.48251396
-1283.83926179,1733.66011701
-1283.93411474,1733.83641081
-1284.03143552,1734.01135863
-1284.13120064,1734.18492376
-1284.23338661,1734.35706951
-1284.33796993,1734.52775915
-1284.44492713,1734.69695598
-1284.55423472,1734.86462328
-1284.66586920,1735.03072435
-1284.77980703,1735.19522254
-1284.89600434,1735.35810316
-1285.01436700,1735.51940586
-1285.13479323,1735.67917856
-1285.25718123,1735.83746917
-1285.38142923,1735.99432561
-1285.50743546,1736.14979578
-1285.63509812,1736.30392760
-1285.76431544,1736.45676898
-1285.89498563,1736.60836783
-1286.02700692,1736.75877207
-1286.16028732,1736.90802625
-1286.29477619,1737.05616078
-1286.43043373,1737.20320232
-1286.56722017,1737.34917757
-1286.70509573,1737.49411319
-1286.84402064,1737.63803586
-1286.98395509,1737.78097227
-1287.12485933,1737.92294909
-1287.26669357,1738.06399299
-1287.40941802,1738.20413065
-1287.55299298,1738.34338924
-1287.69737941,1738.48180093
-1287.84253868,1738.61940088
-1287.98843215,1738.75622430
-1288.13502122,1738.89230639
-1288.28226726,1739.02768236
-1288.43013163,1739.16238742
-1288.57857571,1739.29645676
-1288.72756089,1739.42992560
-1288.87704853,1739.56282913
-1289.02700025,1739.69520239
-1289.17738634,1739.82707377
-1289.32818813,1739.95846326
-1289.47938767,1740.08939030
-1289.63096698,1740.21987434
-1289.78290810,1740.34993483
-1289.93519308,1740.47959120
-1290.08780395,1740.60886292
-1290.24072275,1740.73776941
-1290.39393151,1740.86633013
-1290.54741227,1740.99456453
-1290.70114510,1741.12249497
-1290.85510521,1741.25015111
-1291.00926705,1741.37756367
-1291.16360508,1741.50476342
-1291.31809376,1741.63178108
-1291.47270755,1741.75864742
-1291.62742090,1741.88539318
-1291.78220826,1742.01204910
-1291.93704411,1742.13864592
-1292.09190288,1742.26521441
-1292.24676198,1742.39178179
-1292.40161236,1742.51835910
-1292.55644887,1742.64495270
-1292.71126637,1742.77156892
-1292.86605974,1742.89821414
-1293.02082383,1743.02489469
-1293.17555350,1743.15161694
-1293.33024363,1743.27838723
-1293.48488906,1743.40521192
-1293.63948467,1743.53209737
-1293.79402577,1743.65904934
-1293.94851501,1743.78606468
-1294.10296083,1743.91313307
-1294.25737185,1744.04024400
-1294.41175667,1744.16738698
-1294.56612390,1744.29455148
-1294.72048216,1744.42172701
-1294.87484007,1744.54890306
-1295.02920622,1744.67606912
-1295.18358923,1744.80321469
-1295.33799757,1744.93032944
-1295.49243575,1745.05740786
-1295.64690394,1745.18444973
-1295.80140208,1745.31145510
-1295.95593013,1745.43842403
-1296.11048804,1745.56535656
-1296.26507576,1745.69225274
-1296.41969324,1745.81911262
-1296.57434043,1745.94593626
-1296.72901728,1746.07272369
-1296.88372374,1746.19947498
-1297.03845911,1746.32619098
-1297.19322054,1746.45287515
-1297.34800480,1746.57953146
-1297.50280861,1746.70616388
-1297.65762873,1746.83277641
-1297.81246190,1746.95937300
-1297.96730487,1747.08595764
-1298.12215437,1747.21253431
-1298.27700717,1747.33910698
-1298.43185999,1747.46567962
-1298.58671048,1747.59225511
-1298.74156080,1747.71883082
-1298.89641450,1747.84540238
-1299.05127512,1747.97196543
-1299.20614624,1748.09851562
-1299.36103140,1748.22504859
-1299.51593416,1748.35155998
-1299.67085807,1748.47804542
-1299.82580669,1748.60450056
-1299.98078357,1748.73092104
-1300.13579183,1748.85730304
-1300.29083148,1748.98364654
-1300.44590122,1749.10995312
-1300.60099977,1749.23622437
-1300.75612582,1749.36246187
-1300.91127808,1749.48866723
-1301.06645523,1749.61484201
-1301.22165598,1749.74098783
-1301.37687904,1749.86710625
-1301.53212310,1749.99319888
-1301.68738708,1750.11926704
-1301.84267266,1750.24530862
-1301.99798339,1750.37131919
-1302.15332287,1750.49729429
-1302.30869470,1750.62322941
-1302.46410248,1750.74912009
-1302.61954981,1750.87496184
-1302.77504028,1751.00075019
-1302.93057750,1751.12648065
-1303.08616505,1751.25214874
-1303.24180644,1751.37775012
-1303.39750044,1751.50328627
-1303.55323947,1751.62876662
-1303.70901547,1751.75420114
-1303.86482039,1751.87959983
-1304.02064617,1752.00497266
-1304.17648475,1752.13032963
-1304.33232810,1752.25568071
-1304.48816815,1752.38103589
-1304.64399685,1752.50640515
-1304.79980614,1752.63179849
-1304.95558991,1752.75722348
-1305.11135018,1752.88267762
-1305.26709113,1753.00815572
-1305.42281695,1753.13365259
-1305.57853183,1753.25916304
-1305.73423995,1753.38468188
-1305.88994549,1753.51020393
-1306.04565263,1753.63572398
-1306.20136557,1753.76123687
-1306.35708849,1753.88673739
-1306.51282549,1754.01222044
-1306.66857922,1754.13768277
-1306.82435086,1754.26312286
-1306.98014157,1754.38853926
-1307.13595250,1754.51393054
-1307.29178479,1754.63929527
-1307.44763960,1754.76463198
-1307.60351806,1754.88993925
-1307.75942133,1755.01521564
-1307.91535056,1755.14045969
-1308.07130690,1755.26566998
-1308.22729092,1755.39084577
-1308.38330137,1755.51598861
-1308.53933660,1755.64110057
-1308.69539498,1755.76618367
-1308.85147486,1755.89123996
-1309.00757459,1756.01627148
-1309.16369254,1756.14128028
-1309.31982707,1756.26626840
-1309.47597654,1756.39123788
-1309.63213929,1756.51619076
-1309.78831377,1756.64112900
-1309.94449935,1756.76605335
-1310.10069619,1756.89096362
-1310.25690446,1757.01585960
-1310.41312430,1757.14074106
-1310.56935589,1757.26560780
-1310.72559940,1757.39045959
-1310.88185497,1757.51529623
-1311.03812279,1757.64011750
-1311.19440300,1757.76492319
-1311.35069578,1757.88971308
-1311.50700049,1758.01448796
-1311.66331468,1758.13925094
-1311.81963564,1758.26400546
-1311.97596064,1758.38875493
-1312.13228699,1758.51350280
-1312.28861197,1758.63825249
-1312.44493286,1758.76300743
-1312.60124694,1758.88777106
-1312.75755152,1759.01254681
-1312.91384387,1759.13733811
-1313.07011994,1759.26215004
-1313.22637088,1759.38699354
-1313.38258681,1759.51188084
-1313.53875782,1759.63682416
-1313.69487404,1759.76183573
-1313.85092556,1759.88692777
-1314.00690250,1760.01211253
-1314.16279496,1760.13740221
-1314.31859305,1760.26280905
-1314.47428687,1760.38834528
-1314.62986733,1760.51402213
-1314.78533233,1760.63984203
-1314.94068349,1760.76580274
-1315.09592243,1760.89190200
-1315.25105080,1761.01813754
-1315.40607024,1761.14450708
-1315.56098239,1761.27100836
-1315.71578889,1761.39763912
-1315.87049138,1761.52439707
-1316.02509149,1761.65127997
-1316.17959076,1761.77828567
-1316.33398794,1761.90541539
-1316.48827905,1762.03267370
-1316.64245998,1762.16006531
-1316.79652662,1762.28759493
-1316.95047485,1762.41526727
-1317.10430058,1762.54308704
-1317.25799968,1762.67105895
-1317.41156804,1762.79918772
-1317.56500157,1762.92747805
-1317.71829613,1763.05593466
-1317.87144493,1763.18456535
-1318.02443315,1763.31338710
-1318.17724445,1763.44241863
-1318.32986252,1763.57167862
-1318.48227104,1763.70118577
-1318.63445369,1763.83095879
-1318.78639416,1763.96101638
-1318.93807613,1764.09137722
-1319.08948327,1764.22206002
-1319.24059928,1764.35308347
-1319.39140758,1764.48446613
-1319.54189002,1764.61622556
-1319.69202783,1764.74837892
-1319.84180224,1764.88094341
-1319.99119448,1765.01393620
-1320.14018577,1765.14737447
-1320.28875734,1765.28127539
-1320.43689042,1765.41565615
-1320.58456623,1765.55053391
-1320.73176600,1765.68592587
-1320.87847321,1765.82184689
-1321.02470711,1765.95827504
-1321.17051567,1766.09515891
-1321.31594764,1766.23244626
-1321.46105179,1766.37008485
-1321.60587687,1766.50802243
-1321.75047166,1766.64620674
-1321.89488492,1766.78458556
-1322.03916540,1766.92310663
-1322.18336187,1767.06171772
