x,y
0.40404869,64.49005415
0.38646426,64.68926649
0.36752657,64.88835776
0.35065949,65.08764360
0.33706754,65.28717285
0.32355670,65.48670186
0.30276482,65.68561779
0.27967770,65.88427410
0.26229022,66.08351283
0.24784242,66.28298839
0.23072715,66.48225037
0.20918676,66.68108796
0.19077456,66.88023530
0.17531867,67.07963695
0.15893353,67.27896387
0.14104389,67.47816181
0.12123608,67.67717808
0.09984963,67.87603140
0.07751959,68.07478065
0.05443001,68.27344345
0.03136600,68.47210532
0.01292813,68.67125329
-0.00682803,68.87027550
-0.02915280,69.06902570
-0.05414211,69.26745714
-0.08028276,69.46574030
-0.10776272,69.66384633
-0.13741965,69.86163533
-0.16880425,70.05915383
-0.20155349,70.25645511
-0.23520284,70.45360374
-0.26938015,70.65066173
-0.30333264,70.84775882
-0.33784466,71.04475837
-0.37597740,71.24108964
-0.41561102,71.43712335
-0.45688896,71.63281744
-0.49988688,71.82814105
-0.54548999,72.02287276
-0.59501084,72.21664405
-0.64788531,72.40952873
-0.70342799,72.60165848
-0.76207220,72.79286685
-0.81929272,72.98449703
-0.87611339,73.17625678
-0.93755998,73.36658438
-1.00053465,73.55640826
-1.06889212,73.74437162
-1.13930268,73.93156589
-1.21332199,74.11736447
-1.29075359,74.30176652
-1.37139821,74.48478447
-1.45402169,74.66692125
-1.54032635,74.84734357
-1.63094452,75.02563763
-1.72112326,75.20415339
-1.81520829,75.38064150
-1.91123754,75.55607879
-2.01095874,75.72944846
-2.11375776,75.90100578
-2.21918977,76.07095928
-2.32738819,76.23916099
-2.44054247,76.40407200
-2.55605185,76.56734423
-2.67524316,76.72795011
-2.79807921,76.88577786
-2.92339240,77.04165298
-3.05015379,77.19634769
-3.17952926,77.34887014
-3.31179211,77.49888095
-3.44789050,77.64543402
-3.58687196,77.78924878
-3.72783512,77.93114175
-3.87219862,78.06955458
-4.01883815,78.20554618
-4.16807438,78.33869709
-4.32075873,78.46788273
-4.47515173,78.59501485
-4.63347305,78.71721245
-4.79472242,78.83552640
-4.95696941,78.95247215
-5.12146866,79.06622846
-5.28796428,79.17703829
-5.45632143,79.28499929
-5.62705023,79.38917377
-5.79993926,79.48971837
-5.97404938,79.58813622
-6.14988299,79.68343902
-6.32748788,79.77539510
-6.50654483,79.86449895
-6.68835321,79.94783870
-6.87219632,80.02659046
-7.05718018,80.10262456
-7.24345402,80.17543466
-7.43079189,80.24546875
-7.61897364,80.31320030
-7.80782328,80.37904986
-7.99752046,80.44240797
-8.18770588,80.50429361
-8.37856075,80.56407776
-8.56996238,80.62209034
-8.76195068,80.67813137
-8.95435826,80.73271000
-9.14832363,80.78144001
-9.34323938,80.82628047
-9.53850142,80.86954611
-9.73418936,80.91085418
-9.93029420,80.95013225
-10.12655335,80.98863193
-10.32327250,81.02471846
-10.52029116,81.05912070
-10.71753593,81.09220257
-10.91488077,81.12469352
-11.11257019,81.15499978
-11.31038647,81.18448663
-11.50859700,81.21114908
-11.70729120,81.23396706
-11.90608802,81.25587189
-12.10499370,81.27677221
-12.30410329,81.29561054
-12.50336993,81.31273719
-12.70275705,81.32837569
-12.90216598,81.34374002
-13.10168909,81.35752877
-13.30127787,81.37035491
-13.50092074,81.38229266
-13.70064923,81.39270240
-13.90034785,81.40365796
-14.10030968,81.40788929
-14.30028996,81.41021953
-14.50025112,81.41418950
-14.70024413,81.41588724
-14.90022964,81.41829168
-15.10022596,81.41947236
-15.30022256,81.41825335
-15.50021377,81.41637409
-15.70021321,81.41562418
-15.90020439,81.41382628
-16.10020142,81.41268956
-16.30019861,81.41164901
-16.50017254,81.40842190
-16.70010730,81.40331486
-16.90005382,81.39870260
-17.10000736,81.39437426
-17.29991421,81.38828555
-17.49983799,81.38277713
-17.69978171,81.37802405
-17.89972138,81.37311362
-18.09965686,81.36803971
-18.29960301,81.36336001
-18.49953600,81.35822565
-18.69944272,81.35212643
-18.89936745,81.34658927
-19.09925422,81.33988432
-19.29913905,81.33310057
-19.49902113,81.32623715
-19.69890737,81.31949513
-19.89878824,81.31259347
-20.09867959,81.30600152
-20.29857633,81.29957490
-20.49846076,81.29277909
-20.69832780,81.28547967
-20.89820238,81.27840279
-21.09806655,81.27104172
-21.29792280,81.26345165
-21.49779744,81.25637329
-21.69766161,81.24900269
-21.89751505,81.24134765
-22.09736925,81.23371063
-22.29723627,81.22641966
-22.49710041,81.21904884
-22.69695764,81.21149173
-22.89682020,81.20408999
-23.09663225,81.19540057
-23.29643896,81.18661169
-23.49625956,81.17814498
-23.69608909,81.16989191
-23.89593537,81.16204913
-24.09579545,81.15457669
-24.29568795,81.14801855
-24.49557844,81.14139292
-24.69542510,81.13358501
-24.89525437,81.12531608
-25.09506946,81.11672425
-25.29483775,81.10709856
-25.49454731,81.09632611
-25.69423903,81.08522068
-25.89396467,81.07475224
-26.09372075,81.06488112
-26.29353547,81.05626130
-26.49338015,81.04838072
-26.69322751,81.04057347
-26.89310507,81.03356775
-27.09294272,81.02551933
-27.29278003,81.01745898
-27.49259667,81.00889406
-27.69240236,81.00007147
-27.89217544,80.99055081
-28.09198691,80.98186053
-28.29180821,80.97341355
-28.49160986,80.96450595
-28.69141500,80.95568292
-28.89119121,80.94622316
-29.09094544,80.93631258
-29.29069725,80.92635413
-29.49041125,80.91565633
-29.69013728,80.90518768
-29.88991213,80.89570503
-30.08971658,80.88686281
-30.28952373,80.87808205
-30.48933926,80.86949422
-30.68915151,80.86082742
-30.88894341,80.85171029
-31.08869361,80.84171280
-31.28841722,80.83120051
-31.48814120,80.82069620
-31.68786946,80.81027422
-31.88759003,80.79970566
-32.08726164,80.78824437
-32.28695702,80.77721920
-32.48670163,80.76711420
-32.68645294,80.75713880
-32.88617965,80.74669045
-33.08588620,80.73585962
-33.28558451,80.72487977
-33.48530275,80.71426102
-33.68500858,80.70343051
-33.88469384,80.69221634
-34.08435911,80.68064933
-34.28402314,80.66907103
-34.48374104,80.65844905
-34.68345209,80.64770344
-34.88317252,80.63713105
-35.08290417,80.62677471
-35.28262616,80.61623331
-35.48231379,80.60505490
-35.68200242,80.59390222
-35.88171998,80.58327757
-36.08143145,80.57253666
-36.28111776,80.56134309
-36.48078522,80.54981365
-36.68045193,80.53827293
-36.88015835,80.52743835
-37.07988865,80.51705054
-37.27959466,80.50621370
-37.47932202,80.49577245
-37.67905888,80.48551580
-37.87877132,80.47479639
-38.07846621,80.46375314
-38.27820214,80.45347694
-38.47792439,80.44294530
-38.67759670,80.43150200
-38.87726327,80.41994725
-39.07698157,80.40934643
-39.27671542,80.39903266
-39.47642339,80.38822822
-39.67612436,80.37729532
-39.87580900,80.36606884
-40.07550109,80.35497671
-40.27520602,80.34410946
-40.47488588,80.33280184
-40.67457339,80.32163385
-40.87429656,80.31110247
-41.07401017,80.30040582
-41.27370883,80.28943056
-41.47341727,80.27863701
-41.67313299,80.26797844
-41.87282483,80.25687975
-42.07252073,80.24585600
-42.27219053,80.23436580
-42.47186512,80.22296113
-42.67154046,80.21157021
-42.87120714,80.20002836
-43.07087480,80.18850187
-43.27056261,80.17733435
-43.47027161,80.16654616
-43.66993252,80.15491357
-43.86959433,80.14329149
-44.06929261,80.13230450
-44.26894762,80.12056424
-44.46860846,80.10892611
-44.66829273,80.09768919
-44.86796154,80.08617968
-45.06766006,80.07520586
-45.26733350,80.06377945
-45.46697537,80.05181624
-45.66660689,80.03967982
-45.86626712,80.02802818
-46.06592081,80.01626368
-46.26555697,80.00420371
-46.46521803,79.99256672
-46.66488647,79.98105443
-46.86453927,79.96927596
-47.06419064,79.95747157
-47.26387396,79.94622267
-47.46356073,79.93503276
-47.66323120,79.92355653
-47.86289192,79.91191096
-48.06256614,79.90050225
-48.26225393,79.88933040
-48.46191839,79.87775211
-48.66156048,79.86578948
-48.86120800,79.85392130
-49.06087873,79.84245002
-49.26058460,79.83160879
-49.46030566,79.82104916
-49.66000775,79.81013721
-49.85970693,79.79917156
-50.05941331,79.78833828
-50.25913020,79.77770014
-50.45885264,79.76716725
-50.65857714,79.75667338
-50.85829235,79.74600455
-51.05800956,79.73537186
-51.25774778,79.72514463
-51.45750945,79.71538207
-51.65726596,79.70551716
-51.85701522,79.69550513
-52.05677133,79.68563129
-52.25653111,79.67583186
-52.45629780,79.66617413
-52.65606857,79.65660132
-52.85583675,79.64697462
-53.05560341,79.63731561
-53.25539050,79.62808689
-53.45520889,79.61956607
-53.65503281,79.61117699
-53.85482370,79.60203361
-54.05461670,79.59293727
-54.25443481,79.58440672
-54.45426478,79.57616279
-54.65408548,79.56769317
-54.85391216,79.55936764
-55.05375444,79.55142802
-55.25360838,79.54378581
-55.45348041,79.53663009
-55.65336817,79.52992980
-55.85325243,79.52312625
-56.05312943,79.51611232
-56.25301131,79.50923991
-56.45289591,79.50244615
-56.65279550,79.49611297
-56.85269898,79.48989708
-57.05259777,79.48353555
-57.25250352,79.47739260
-57.45242841,79.47191596
-57.65236668,79.46694482
-57.85229278,79.46151008
-58.05219917,79.45539205
-58.25209634,79.44897836
-58.45200913,79.44307562
-58.65193433,79.43760183
-58.85182839,79.43110014
-59.05173246,79.42491783
-59.25167725,79.42020571
-59.45163929,79.41626631
-59.65159672,79.41215934
-59.85153890,79.40734953
-60.05148402,79.40267041
-60.25143238,79.39812387
-60.45135557,79.39258947
-60.65124860,79.38603738
-60.85115450,79.37989521
-61.05109151,79.37488832
-61.25103545,79.37015558
-61.45095821,79.36460181
-61.65089020,79.35940039
-61.85085449,79.35560476
-62.05081358,79.35152751
-62.25075253,79.34658631
-62.45067448,79.34099825
-62.65060009,79.33554567
-62.85052895,79.33021106
-63.05044066,79.32427053
-63.25034293,79.31801751
-63.45026344,79.31237240
-63.65020571,79.30758206
-63.85015693,79.30314650
-64.05010002,79.29836326
-64.25002304,79.29282042
-64.44994105,79.28709523
-64.64986550,79.28158584
-64.84977981,79.27574197
-65.04966942,79.26909579
-65.24955708,79.26239549
-65.44946027,79.25616972
-65.64937416,79.25030082
-65.84929000,79.24449960
-66.04920071,79.23852384
-66.24910968,79.23249042
-66.44901875,79.22645898
-66.64891586,79.22004701
-66.84881120,79.21357689
-67.04871909,79.20750575
-67.24863007,79.20154143
-67.44852669,79.19510794
-67.64842234,79.18864737
-67.84832758,79.18249210
-68.04823984,79.17656940
-68.24814988,79.17056889
-68.44804515,79.16410098
-68.64793119,79.15734234
-68.84782745,79.15090719
-69.04774079,79.14501928
-69.24764755,79.13891376
-69.44754973,79.13265829
-69.64746144,79.12671827
-69.84738257,79.12109948
-70.04730293,79.11545741
-70.24721588,79.10955315
-70.44712885,79.10365099
-70.64705448,79.09819941
-70.84697708,79.09263485
-71.04689002,79.08673616
-71.24679916,79.08070646
-71.44670594,79.07460206
-71.64660806,79.06834342
-71.84651897,79.06237292
-72.04644314,79.05686115
-72.24636208,79.05117317
-72.44626624,79.04498170
-72.64616907,79.03874793
-72.84607427,79.03259020
-73.04598656,79.02666858
-73.24590016,79.02079031
-73.44581350,79.01490448
-73.64572979,79.00911772
-73.84564324,79.00323497
-74.04556636,78.99768929
-74.24548855,78.99211111
-74.44540987,78.98650146
-74.64532692,78.98074204
-74.84523714,78.97475053
-75.04514533,78.96869065
-75.24505686,78.96274208
-75.44497373,78.95697637
-75.64489267,78.95128294
-75.84480982,78.94552637
-76.04472271,78.93962403
-76.24463685,78.93376536
-76.44455777,78.92813852
-76.64447812,78.92249304
-76.84438886,78.91652005
-77.04430377,78.91068610
-77.24422170,78.90495639
-77.44413886,78.89920110
-77.64405520,78.89341691
-77.84397432,78.88772909
-78.04389478,78.88208804
-78.24382067,78.87664588
-78.44374972,78.87131612
-78.64366683,78.86556542
-78.84357114,78.85937322
-79.04348156,78.85339361
-79.24340379,78.84781079
-79.44331854,78.84197198
-79.64322940,78.83600075
-79.84313894,78.82998707
-80.04305406,78.82415604
-80.24298213,78.81878851
-80.44292322,78.81393436
-80.64286289,78.80902237
-80.84279785,78.80392215
-81.04273329,78.79884114
-81.24267187,78.79388476
-81.44260870,78.78885864
-81.64254113,78.78365971
-81.84246986,78.77832098
-82.04240581,78.77326172
-82.24233941,78.76809856
-82.44225928,78.76243564
-82.64216722,78.75636617
-82.84208707,78.75070002
-83.04201960,78.74550599
-83.24195183,78.74029990
-83.44188174,78.73500569
-83.64181406,78.72980228
-83.84175468,78.72493022
-84.04170967,78.72068499
-84.24167405,78.71690259
-84.44164588,78.71354854
-84.64161908,78.71022902
-84.84157200,78.70594686
-85.04150169,78.70061972
-85.24142913,78.69521527
-85.44137341,78.69050522
-85.64132722,78.68619205
-85.84127607,78.68167772
-86.04121550,78.67675522
-86.24116355,78.67219908
-86.44112681,78.66836793
-86.64108929,78.66449170
-86.84104396,78.66023111
-87.04099662,78.65587751
-87.24094973,78.65154645
-87.44089835,78.64701721
-87.64084349,78.64233167
-87.84079361,78.63785545
-88.04075361,78.63385582
-88.24071693,78.63003208
-88.44067453,78.62590531
-88.64063533,78.62193225
-88.84060591,78.61850900
-89.04057114,78.61478782
-89.24052551,78.61049512
-89.44047817,78.60614531
-89.64043484,78.60198644
-89.84038264,78.59741692
-90.04033181,78.59290503
-90.24028322,78.58849748
-90.44023089,78.58392493
-90.64018470,78.57962551
-90.84013744,78.57527253
-91.04009263,78.57104249
-91.24005149,78.56698739
-91.44000784,78.56280800
-91.63996704,78.55876607
-91.83992274,78.55455921
-92.03987703,78.55028336
-92.23983120,78.54600217
-92.43978168,78.54155112
-92.63972866,78.53694589
-92.83967456,78.53229522
-93.03961224,78.52728964
-93.23954886,78.52225032
-93.43950485,78.51807593
-93.63946270,78.51396689
-93.83941797,78.50973815
-94.03937417,78.50555204
-94.23932910,78.50130743
-94.43928855,78.49727884
-94.63924933,78.49331364
-94.83920527,78.48911670
-95.03914873,78.48436187
-95.23907575,78.47895912
-95.43899857,78.47340806
-95.63892107,78.46783545
-95.83885088,78.46253910
-96.03880481,78.45824473
-96.23875917,78.45396372
-96.43870579,78.44934879
-96.63864641,78.44447413
-96.83858827,78.43965332
-97.03853292,78.43494972
-97.23847618,78.43017943
-97.43842140,78.42549757
-97.63837464,78.42117931
-97.83831494,78.41628776
-98.03826080,78.41163811
-98.23821475,78.40734123
-98.43816519,78.40288563
-98.63810410,78.39794439
-98.83804524,78.39309520
-99.03799247,78.38849710
-99.23793928,78.38388124
-99.43788004,78.37901392
-99.63781420,78.37387411
-99.83775775,78.36913271
-100.03770881,78.36470211
-100.23765170,78.35992873
-100.43758728,78.35485129
-100.63753151,78.35013242
-100.83749029,78.34606076
-101.03743461,78.34137050
-101.23736059,78.33590795
-101.43728402,78.33037338
-101.63720839,78.32487265
-101.83713289,78.31937625
-102.03705460,78.31378236
-102.23697176,78.30802701
-102.43688783,78.30223310
-102.63682039,78.29704186
-102.83675861,78.29206082
-103.03669395,78.28697791
-103.23662871,78.28187076
-103.43655761,78.27653859
-103.63647690,78.27085826
-103.83639159,78.26501562
-104.03629805,78.25890161
-104.23619547,78.25249324
-104.43609330,78.24610149
-104.63599962,78.23998363
-104.83592698,78.23459158
-105.03586386,78.22955823
-105.23580059,78.22452691
-105.43572576,78.21906340
-105.63564066,78.21322481
-105.83556064,78.20756755
-106.03548585,78.20209851
-106.23540973,78.19658144
-106.43533153,78.19098775
-106.63525973,78.18563173
-106.83520013,78.18074860
-107.03514359,78.17599319
-107.23508209,78.17102967
-107.43501051,78.16568040
-107.63493733,78.16026672
-107.83487442,78.15525663
-108.03481967,78.15057348
-108.23476173,78.14576062
-108.43469635,78.14064487
-108.63462757,78.13539637
-108.83456487,78.13039289
-109.03451332,78.12585146
-109.23446413,78.12141764
-109.43441082,78.11679919
-109.63435704,78.11215786
-109.83430821,78.10774073
-110.03426165,78.10342543
-110.23421389,78.09905471
-110.43416749,78.09474668
-110.63412449,78.09059713
-110.83408136,78.08644434
-111.03402651,78.08176648
-111.23396677,78.07687327
-111.43390382,78.07185634
-111.63384142,78.06686075
-111.83378301,78.06202725
-112.03372631,78.05726529
-112.23366939,78.05249374
-112.43361556,78.04785622
-112.63356622,78.04341133
-112.83351777,78.03901008
-113.03347358,78.03480539
-113.23342930,78.03059763
-113.43338194,78.02624550
-113.63333340,78.02183928
-113.83328286,78.01734369
-114.03323654,78.01303631
-114.23320012,78.00921444
-114.43315772,78.00511551
-114.63310045,78.00032055
-114.83304537,77.99563047
-115.03300143,77.99144100
-115.23295911,77.98733171
-115.43291072,77.98292820
-115.63286357,77.97858619
-115.83281527,77.97419114
-116.03277387,77.97012250
-116.23273437,77.96614881
-116.43269383,77.96211469
-116.63264406,77.95765682
-116.83260403,77.95365539
-117.03257563,77.95026411
-117.23254218,77.94662493
-117.43250311,77.94266417
-117.63245184,77.93815279
-117.83239663,77.93344334
-118.03234291,77.92881311
-118.23228735,77.92410365
-118.43223649,77.91959031
-118.63219103,77.91532369
-118.83213826,77.91073331
-119.03208829,77.90626193
-119.23204165,77.90194290
-119.43199886,77.89780695
-119.63195923,77.89382490
-119.83191784,77.88975606
-120.03187694,77.88571277
-120.23184102,77.88191295
-120.43179450,77.87761024
-120.63173586,77.87276696
-120.83167684,77.86790863
-121.03161971,77.86312886
-121.23156557,77.85847328
-121.43150745,77.85365562
-121.63144807,77.84878231
-121.83140599,77.84467728
-122.03134762,77.83985268
-122.23127973,77.83463764
-122.43122352,77.82990236
-122.63116425,77.82503712
-122.83111343,77.82052621
-123.03105834,77.81583370
-123.23098833,77.81053512
-123.43087381,77.80376950
-123.63078660,77.79792806
-123.83070238,77.79212466
-124.03060780,77.78597329
-124.23052214,77.78012256
-124.43043387,77.77418822
-124.63032367,77.76754917
-124.83021583,77.76098421
-125.03011129,77.75451844
-125.22996311,77.74681970
-125.42981994,77.73928252
-125.62969123,77.73213982
-125.82948855,77.72313100
-126.02925429,77.71345696
-126.22900410,77.70346362
-126.42869172,77.69228188
-126.62838162,77.68117219
-126.82793022,77.66772466
-127.02754016,77.65525470
-127.22709483,77.64192169
-127.42644996,77.62587514
-127.62577463,77.60945466
-127.82481963,77.58994339
-128.02382216,77.56999563
-128.22272268,77.54905379
-128.42155303,77.52746240
-128.62022647,77.50445302
-128.81862696,77.47921715
-129.01682594,77.45243966
-129.21469813,77.42334632
-129.41245627,77.39347938
-129.60992928,77.36179863
-129.80710460,77.32830643
-130.00392706,77.29279563
-130.20026449,77.25470112
-130.39613444,77.21426833
-130.59144133,77.17120155
-130.78620343,77.12572802
-130.98086786,77.07984320
-131.17480063,77.03096324
-131.36802318,76.97933772
-131.56058955,76.92532192
-131.75192442,76.86709735
-131.94228575,76.80576057
-132.13133847,76.74050321
-132.31884188,76.67091857
-132.50535548,76.59872418
-132.69081818,76.52386834
-132.87592255,76.44813387
-133.05944445,76.36864516
-133.24115821,76.28509868
-133.42059518,76.19677669
-133.59833307,76.10507568
-133.77397626,76.00942921
-133.94749564,75.90998188
-134.11884247,75.80683761
-134.28725216,75.69895858
-134.45370368,75.58807718
-134.61875117,75.47513613
-134.78082879,75.35796344
-134.94081654,75.23794822
-135.09753015,75.11369282
-135.25143142,74.98596966
-135.40173104,74.85402344
-135.54926188,74.71899073
-135.69364377,74.58059893
-135.83492772,74.43903771
-135.97271339,74.29407303
-136.10982957,74.14847779
-136.24352805,73.99972990
-136.37315538,73.84743098
-136.49983794,73.69267232
-136.62231913,73.53456079
-136.74181502,73.37418768
-136.85701404,73.21069776
-136.96904851,73.04502272
-137.07692137,72.87660824
-137.18062382,72.70559871
-137.28203615,72.53321391
-137.38118126,72.35952650
-137.47595366,72.18340690
-137.56708764,72.00537864
-137.65358395,71.82504937
-137.73702024,71.64328452
-137.81650499,71.45975805
-137.89231851,71.27468323
-137.96454376,71.08818607
-138.03285844,70.90021474
-138.09825614,70.71120922
-138.16195539,70.52162398
-138.22282314,70.33111255
-138.28087073,70.13972600
-138.33519514,69.94723971
-138.38609822,69.75382894
-138.43534976,69.55998436
-138.48104083,69.36527705
-138.52496608,69.17016022
-138.56609135,68.97443654
-138.60464200,68.77818774
-138.64109248,68.58153703
-138.67615902,68.38463713
-138.70912064,68.18737027
-138.73987428,67.98975076
-138.76895535,67.79187543
-138.79561274,67.59366119
-138.82092161,67.39526888
-138.84465352,67.19668029
-138.86723015,66.99796008
-138.88775094,66.79901562
-138.90706015,66.59994958
-138.92483546,66.40074130
-138.94205773,66.20148335
-138.95763254,66.00209154
-138.97209854,65.80261533
-138.98558825,65.60307124
-138.99804885,65.40345956
-139.00956693,65.20379160
-139.02056304,65.00409427
-139.03070765,64.80435162
-139.04050907,64.60459191
-139.04986784,64.40481097
-139.05861194,64.20500228
-139.06708047,64.00518163
-139.07528175,63.80534989
-139.08300035,63.60549888
-139.09027932,63.40563141
-139.09689094,63.20574078
-139.10306082,63.00583597
-139.10934876,62.80593480
-139.11514553,62.60601920
-139.12028004,62.40608490
-139.12539628,62.20615036
-139.13017622,62.00620749
-139.13486292,61.80626238
-139.13904964,61.60630629
-139.14267794,61.40633915
-139.14605105,61.20636772
-139.14929586,61.00639400
-139.15160233,60.80640747
-139.15340766,60.60641556
-139.15457207,60.40641880
-139.15577062,60.20642247
-139.15676276,60.00642495
-139.15714248,59.80642533
-139.15764885,59.60642588
-139.15795504,59.40642660
-139.15889707,59.20642818
-139.15836033,59.00642957
-139.15698529,58.80643430
-139.15715641,58.60643407
-139.15635511,58.40643767
-139.15464472,58.20644497
-139.15321281,58.00645033
-139.15042801,57.80646946
-139.14726321,57.60649444
-139.14451647,57.40651346
-139.14195178,57.20652987
-139.13946330,57.00654551
-139.13786417,56.80655175
-139.13511125,56.60657075
-139.13159832,56.40660124
-139.12916514,56.20661642
-139.12635469,56.00663627
-139.12108554,55.80670508
-139.11646130,55.60676018
-139.11214200,55.40680626
-139.10658677,55.20688322
-139.10130664,55.00695310
-139.09642568,54.80701261
-139.09115684,54.60708216
-139.08549722,54.40716208
-139.08004771,54.20723647
-139.07478960,54.00730555
-139.06919425,53.80738388
-139.06359430,53.60746237
-139.05823143,53.40753425
-139.05265891,53.20761197
-139.04482480,53.00776413
-139.03545332,52.80798383
-139.02662437,52.60817848
-139.01792820,52.40836742
-139.00873127,52.20857933
-138.99953099,52.00879124
-138.99046980,51.80899659
-138.98154798,51.60919562
-138.97249240,51.40940088
-138.96306226,51.20962328
-138.95387118,51.00983459
-138.94465549,50.81004710
-138.93552543,50.61025518
-138.92589402,50.41048758
-138.91640928,50.21071186
-138.90854263,50.01086755
-138.90110486,49.81100557
-138.89359669,49.61114659
-138.88625241,49.41128144
-138.87877900,49.21142107
-138.87068348,49.01158517
-138.86232222,48.81175981
-138.85431376,48.61192029
-138.84636729,48.41207814
-138.83816292,48.21224657
-138.82971127,48.01242503
-138.82143635,47.81259622
-138.81413578,47.61272975
-138.80667733,47.41286892
-138.79891467,47.21302004
-138.79079968,47.01318236
-138.78320044,46.81332739
-138.77760401,46.61340641
-138.77204038,46.41348401
-138.76543604,46.21359320
-138.75870526,46.01370599
-138.75268087,45.81379696
-138.74693736,45.61387935
-138.74112281,45.41396394
-138.73523961,45.21405048
-138.72917699,45.01414240
-138.72301338,44.81423740
-138.71693988,44.61432961
-138.71055142,44.41443173
-138.70406015,44.21453693
-138.69799327,44.01462913
-138.69224050,43.81471179
-138.68610591,43.61480588
-138.68005312,43.41489741
-138.67457546,43.21497255
-138.66950605,43.01503677
-138.66436196,42.81510293
-138.65895195,42.61517610
-138.65325762,42.41525715
-138.64734532,42.21534451
-138.64140042,42.01543289
-138.63559226,41.81551725
-138.62967125,41.61560491
-138.62380816,41.41569091
-138.61792978,41.21577728
-138.61207846,41.01586291
-138.60673564,40.81593426
-138.60120866,40.61601055
-138.59528606,40.41609824
-138.58940686,40.21618477
-138.58411600,40.01625456
-138.57893050,39.81632172
-138.57309197,39.61640726
-138.56702813,39.41649901
-138.56177685,39.21656813
-138.55730901,39.01661801
-138.55288804,38.81666681
-138.54815416,38.61672283
-138.54311513,38.41678633
-138.53801742,38.21685129
-138.53301589,38.01691377
-138.52837272,37.81696762
-138.52392573,37.61701688
-138.51893577,37.41707934
-138.51443982,37.21712993
-138.51006289,37.01717757
-138.50546007,36.81723058
-138.50089220,36.61728276
-138.49622841,36.41733715
-138.49156383,36.21739156
-138.48694849,36.01744482
-138.48218103,35.81750166
-138.47705878,35.61756711
-138.47303060,35.41760844
-138.46981882,35.21763288
-138.46678290,35.01765593
-138.46405888,34.81767471
-138.46127368,34.61769410
-138.45833219,34.41771571
-138.45538210,34.21773747
-138.45249747,34.01775825
-138.44958904,33.81777946
-138.44650823,33.61780332
-138.44308622,33.41783207
-138.43955183,33.21786251
-138.43692343,33.01788059
-138.43449934,32.81789504
-138.43144435,32.61791838
-138.42791042,32.41794961
-138.42436090,32.21798105
-138.42123791,32.01800546
-138.41860195,31.81802254
-138.41616299,31.61803713
-138.41321689,31.41805932
-138.40970943,31.21808987
-138.40634838,31.01811822
-138.40331299,30.81814128
-138.40034121,30.61816326
-138.39722293,30.41818757
-138.39399553,30.21821362
-138.39065463,30.01824143
-138.38747799,29.81826673
-138.38458084,29.61828771
-138.38141864,29.41831271
-138.37821665,29.21833833
-138.37507834,29.01836296
-138.37196237,28.81838724
-138.36883935,28.61841163
-138.36580178,28.41843463
-138.36269551,28.21845877
-138.35929893,28.01848768
-138.35588615,27.81851672
-138.35272891,27.61854162
-138.34987085,27.41856204
-138.34707977,27.21858150
-138.34400817,27.01860510
-138.34049453,26.81863597
-138.33665415,26.61867283
-138.33273308,26.41871128
-138.32894446,26.21874712
-138.32515215,26.01878306
-138.32101575,25.81882589
-138.31667786,25.61887291
-138.31242404,25.41891819
-138.30839912,25.21895868
-138.30446141,25.01899745
-138.30038451,24.81903903
-138.29621815,24.61908240
-138.29205955,24.41912562
-138.28785626,24.21916980
-138.28354454,24.01921628
-138.27931571,23.81926104
-138.27524769,23.61930241
-138.27122660,23.41934268
-138.26709558,23.21938529
-138.26267269,23.01943434
-138.25798416,22.81948927
-138.25334705,22.61954302
-138.24881812,22.41959418
-138.24449946,22.21964084
-138.24059335,22.01967902
-138.23688139,21.81971344
-138.23300144,21.61975112
-138.22903867,21.41979035
-138.22507578,21.21982966
-138.22079603,21.01987541
-138.21641456,20.81992334
-138.21203014,20.61997142
-138.20765525,20.42001929
-138.20350635,20.22006233
-138.19931830,20.02010618
-138.19497194,19.82015339
-138.19072888,19.62019844
-138.18668272,19.42023937
-138.18264336,19.22028014
-138.17852716,19.02032251
-138.17436898,18.82036573
-138.17024080,18.62040834
-138.16628817,18.42044740
-138.16229578,18.22048725
-138.15793333,18.02053492
-138.15321644,17.82059049
-138.14855780,17.62064473
-138.14396361,17.42069749
-138.13942410,17.22074900
-138.13509784,17.02079579
-138.13069305,16.82084436
-138.12612353,16.62089655
-138.12174925,16.42094439
-138.11743133,16.22099099
-138.11307942,16.02103834
-138.10870974,15.82108608
-138.10418650,15.62113725
-138.09955569,15.42119084
-138.09495145,15.22124386
-138.09046737,15.02129413
-138.08605790,14.82134264
-138.08183544,14.62138722
-138.07785673,14.42142685
-138.07369805,14.22147016
-138.06961909,14.02151135
-138.06551885,13.82155306
-138.06083937,13.62160835
-138.05547742,13.42168005
-138.04993976,13.22175677
-138.04434935,13.02183493
-138.03876742,12.82191283
-138.03303029,12.62199495
-138.02727248,12.42207778
-138.02218902,12.22214272
-138.01727145,12.02220308
-138.01226099,11.82226587
-138.00730441,11.62232727
-138.00211407,11.42239467
-137.99666358,11.22246893
-137.99131261,11.02254056
-137.98616860,10.82260667
-137.98089977,10.62267614
-137.97537682,10.42275239
-137.96997791,10.22282528
-137.96492442,10.02288916
-137.96012134,9.82294673
-137.95536043,9.62300337
-137.95035634,9.42306604
-137.94494033,9.22313942
-137.93935767,9.02321728
-137.93379800,8.82329456
-137.92811323,8.62337539
-137.92204086,8.42346766
-137.91583263,8.22356397
-137.90992264,8.02365130
-137.90434460,7.82372899
-137.89858722,7.62381216
-137.89234801,7.42390926
-137.88633162,7.22399968
-137.88067072,7.02407975
-137.87516885,6.82415543
-137.86950117,6.62423575
-137.86345414,6.42432713
-137.85738478,6.22441927
-137.85177680,6.02449796
-137.84635920,5.82457132
-137.84085222,5.62464722
-137.83530772,5.42472405
-137.82980587,5.22479955
-137.82401527,5.02488349
-137.81750333,4.82498971
-137.81059912,4.62510878
-137.80401535,4.42521719
-137.79749825,4.22532339
-137.79069509,4.02543913
-137.78377224,3.82555889
-137.77701862,3.62567305
-137.77056259,3.42577730
-137.76416450,3.22587959
-137.75761587,3.02598684
-137.75085297,2.82610119
-137.74390580,2.62622162
-137.73736422,2.42632895
-137.73120414,2.22642377
-137.72484954,2.02652475
-137.71860891,1.82662212
-137.71216964,1.62672581
-137.70539087,1.42684084
-137.69845392,1.22696064
-137.69186286,1.02706886
-137.68625907,0.82714769
-137.68032503,0.62723563
-137.67390500,0.42733857
-137.66735364,0.22744594
-137.66116517,0.02754191
-137.65557017,-0.17237996
-137.64971408,-0.37229426
-137.64343574,-0.57219580
-137.63694170,-0.77209038
-137.63051907,-0.97198718
-137.62437096,-1.17189271
-137.61860015,-1.37180947
-137.61304441,-1.57173236
-137.60703352,-1.77164184
-137.60034870,-1.97153018
-137.59390492,-2.17142616
-137.58820612,-2.37134521
-137.58265201,-2.57126818
-137.57613025,-2.77116272
-137.56982133,-2.97106251
-137.56485554,-3.17100097
-137.55983548,-3.37093771
-137.55549645,-3.57089072
-137.55082684,-3.77083603
-137.54571907,-3.97077075
-137.54055784,-4.17070437
-137.53561749,-4.37064341
-137.53115525,-4.57059343
-137.52610776,-4.77052991
-137.52122943,-4.97047052
-137.51631642,-5.17041007
-137.51140638,-5.37034976
-137.50685826,-5.57029815
-137.50254593,-5.77025168
-137.49846159,-5.97020997
-137.49416698,-6.17016392
-137.48953473,-6.37011026
-137.48476070,-6.57005328
-137.47985805,-6.76999316
-137.47486594,-6.96993087
-137.47002318,-7.16987221
-137.46522087,-7.36981455
-137.46029894,-7.56975397
-137.45562972,-7.76969948
-137.45100395,-7.96964598
-137.44617124,-8.16958756
-137.44133695,-8.36952913
-137.43663938,-8.56947395
-137.43159364,-8.76941031
-137.42639763,-8.96934282
-137.42144058,-9.16928138
-137.41654007,-9.36922134
-137.41114145,-9.56914844
-137.40557621,-9.76907099
-137.39998410,-9.96899279
-137.39442900,-10.16891562
-137.38859102,-10.36883042
-137.38243752,-10.56873575
-137.37595401,-10.76863070
-137.36982223,-10.96853706
-137.36460928,-11.16846883
-137.35950453,-11.36840370
-137.35395755,-11.56832685
-137.34870531,-11.76825776
-137.34306027,-11.96817806
-137.33708775,-12.16808922
-137.33081471,-12.36799067
-137.32406764,-12.56787686
-137.31705356,-12.76775376
-137.30976038,-12.96762079
-137.30245777,-13.16748743
-137.29523558,-13.36735695
-137.28812977,-13.56723069
-137.28030203,-13.76707771
-137.27158090,-13.96688751
-137.26222811,-14.16666870
-137.25292110,-14.36645208
-137.24304659,-14.56620805
-137.23228383,-14.76591810
-137.22088850,-14.96559329
-137.20959153,-15.16527401
-137.19829434,-15.36495474
-137.18606010,-15.56458017
-137.17327939,-15.76417139
-137.16057469,-15.96376770
-137.14679528,-16.16329227
-137.13222583,-16.36276083
-137.11566615,-16.56207484
-137.09760468,-16.76125793
-137.07881642,-16.96037291
-137.05971187,-17.15945845
-137.03932304,-17.35841664
-137.01809598,-17.55728714
-136.99586723,-17.75604776
-136.97236134,-17.95466260
-136.94705604,-18.15305466
-136.92006818,-18.35122567
-136.89074369,-18.54906330
-136.86025036,-18.74672649
-136.82788411,-18.94408786
-136.79294285,-19.14101402
-136.75638506,-19.33764390
-136.71737896,-19.53380349
-136.67585255,-19.72944295
-136.63243099,-19.92467804
-136.58568549,-20.11913142
-136.53688411,-20.31308771
-136.48590902,-20.50648005
-136.43071843,-20.69871569
-136.37215040,-20.88994753
-136.30979711,-21.07997976
-136.24385886,-21.26879558
-136.17402070,-21.45620622
-136.10019994,-21.64208222
-136.02242951,-21.82634442
-135.94025028,-22.00867853
-135.85388213,-22.18906781
-135.76293849,-22.36719170
-135.66838364,-22.54342504
-135.56991899,-22.71750961
-135.46751134,-22.88929695
-135.35909116,-23.05735731
-135.24622675,-23.22246669
-135.13051622,-23.38559661
-135.01107856,-23.54600819
-134.88727113,-23.70308114
-134.76099678,-23.85817604
-134.63138602,-24.01049384
-134.49781266,-24.15935020
-134.36074136,-24.30498733
-134.21993246,-24.44702001
-134.07614490,-24.58603318
-133.92869559,-24.72115663
-133.77800771,-24.85265651
-133.62539260,-24.98192028
-133.47113005,-25.10920867
-133.31390940,-25.23282729
-133.15409799,-25.35307987
-132.99194174,-25.47014392
-132.82731070,-25.58370928
-132.66045159,-25.69396959
-132.49153488,-25.80105127
-132.32021934,-25.90425592
-132.14708572,-26.00437808
-131.97217657,-26.10137392
-131.79534378,-26.19480541
-131.61682782,-26.28498551
-131.43644649,-26.37136746
-131.25426700,-26.45389702
-131.07106742,-26.53412964
-130.88642789,-26.61099771
-130.70058106,-26.68489316
-130.51376352,-26.75631121
-130.32528902,-26.82321763
-130.13553756,-26.88640112
-129.94480761,-26.94658986
-129.75313558,-27.00370971
-129.56102416,-27.05932594
-129.36817358,-27.11231310
-129.17419838,-27.16103961
-128.97946662,-27.20663550
-128.78394370,-27.24870971
-128.58802351,-27.28890132
-128.39192312,-27.32819739
-128.19530146,-27.36480266
-127.99828395,-27.39921524
-127.80067986,-27.43006881
-127.60276874,-27.45890046
-127.40462900,-27.48611470
-127.20606273,-27.51001594
-127.00731380,-27.53235075
-126.80823633,-27.55151351
-126.60897000,-27.56863038
-126.40958336,-27.58428082
-126.21005545,-27.59800575
-126.01038333,-27.60943878
-125.81062557,-27.61927894
-125.61078495,-27.62725701
-125.41086592,-27.63292784
-125.21090834,-27.63705354
-125.01093602,-27.64039402
-124.81094302,-27.64199500
-124.61094286,-27.64213078
-124.41094441,-27.64138719
-124.21094972,-27.63994389
-124.01096357,-27.63756994
-123.81099497,-27.63404224
-123.61104036,-27.62978505
-123.41109320,-27.62519817
-123.21120360,-27.61854244
-123.01136284,-27.61056662
-122.81156613,-27.60155464
-122.61178609,-27.59217525
-122.41197332,-27.58352312
-122.21220075,-27.57399310
-122.01247920,-27.56344953
-121.81281469,-27.55186379
-121.61317502,-27.53986529
-121.41354129,-27.52776724
-121.21389822,-27.51582420
-121.01424100,-27.50411195
-120.81464825,-27.49136767
-120.61521635,-27.47629938
-120.41581656,-27.46081643
-120.21636539,-27.44601264
-120.01688762,-27.43156965
-119.81739103,-27.41738792
-119.61792214,-27.40282238
-119.41843925,-27.38844964
-119.21898316,-27.37371117
-119.01957921,-27.35828053
-118.82019579,-27.34258793
-118.62079422,-27.32712886
-118.42137674,-27.31187742
-118.22196115,-27.29660043
-118.02253310,-27.28148536
-117.82310240,-27.26640562
-117.62369011,-27.25108489
-117.42427700,-27.23577474
-117.22483843,-27.22079972
-117.02538549,-27.20601711
-116.82595193,-27.19097546
-116.62651456,-27.17598400
-116.42705369,-27.16130879
-116.22758761,-27.14670480
-116.02811064,-27.13224997
-115.82862676,-27.11789112
-115.62913305,-27.10366781
-115.42960504,-27.08993645
-115.23008020,-27.07615809
-115.03052692,-27.06279748
-114.83095836,-27.04966777
-114.63137892,-27.03670447
-114.43177338,-27.02414940
-114.23214322,-27.01199241
-114.03249910,-27.00006656
-113.83284514,-26.98830630
-113.63317854,-26.97676312
-113.43348985,-26.96560914
-113.23377864,-26.95486464
-113.03405764,-26.94430416
-112.83432410,-26.93398376
-112.63458681,-26.92373603
-112.43483976,-26.91368105
-112.23506955,-26.90409685
-112.03529694,-26.89456230
-111.83551579,-26.88520921
-111.63572384,-26.87608901
-111.43594167,-26.86675689
-111.23615572,-26.85750549
-111.03635166,-26.84865614
-110.83653687,-26.84005047
-110.63673491,-26.83115195
-110.43692311,-26.82247936
-110.23708992,-26.81431053
-110.03726652,-26.80590891
-109.83744926,-26.79735649
-109.63761443,-26.78923259
-109.43780009,-26.78061564
-109.23797361,-26.77228743
-109.03813634,-26.76421985
-108.83829315,-26.75630160
-108.63846436,-26.74802853
-108.43863171,-26.73984802
-108.23878424,-26.73203877
-108.03893588,-26.72425138
-107.83909872,-26.71618277
-107.63925175,-26.70836560
-107.43938217,-26.70114103
-107.23953125,-26.69342046
-107.03968135,-26.68567292
-106.83982258,-26.67815869
-106.63995334,-26.67092708
-106.44009054,-26.66352086
-106.24023782,-26.65584627
-106.04039519,-26.64791253
-105.84053375,-26.64047616
-105.64065670,-26.63345711
-105.44079418,-26.62604490
-105.24094907,-26.61817332
-105.04108978,-26.61067635
-104.84121058,-26.60372491
-104.64132404,-26.59698916
-104.44143434,-26.59034786
-104.24154131,-26.58380731
-104.04164965,-26.57722456
-103.84175201,-26.57082818
-103.64184738,-26.56465128
-103.44194489,-26.55840678
-103.24203982,-26.55224540
-103.04213627,-26.54603535
-102.84223621,-26.53971357
-102.64232645,-26.53370863
-102.44240790,-26.52799547
-102.24249355,-26.52214073
-102.04259601,-26.51574117
-101.84268904,-26.50963993
-101.64277910,-26.50363900
-101.44286695,-26.49771424
-101.24294614,-26.49208557
-101.04303595,-26.48609193
-100.84311719,-26.48039441
-100.64319052,-26.47497756
-100.44326791,-26.46941314
-100.24335225,-26.46360570
-100.04343244,-26.45794307
-99.84351429,-26.45222206
-99.64359856,-26.44641748
-99.44369409,-26.44023481
-99.24379210,-26.43397365
-99.04388801,-26.42778130
-98.84397973,-26.42172457
-98.64407683,-26.41549469
-98.44417650,-26.40917904
-98.24426382,-26.40327266
-98.04434775,-26.39747743
-97.84443894,-26.39143903
-97.64453199,-26.38533921
-97.44462461,-26.37925264
-97.24472240,-26.37299950
-97.04482921,-26.36646404
-96.84494021,-26.35980117
-96.64504516,-26.35332303
-96.44514132,-26.34712034
-96.24524665,-26.34063318
-96.04535942,-26.33391709
-95.84546620,-26.32738088
-95.64558195,-26.32057921
-95.44569437,-26.31387395
-95.24580811,-26.30712997
-95.04592201,-26.30038118
-94.84602650,-26.29391762
-94.64613120,-26.28744537
-94.44622562,-26.28130192
-94.24631957,-26.27517189
-94.04641694,-26.26893238
-93.84651568,-26.26264830
-93.64662280,-26.25610481
-93.44673149,-26.24951276
-93.24683349,-26.24312533
-93.04694613,-26.23641483
-92.84707055,-26.22936093
-92.64718276,-26.22266094
-92.44728121,-26.21638643
-92.24736770,-26.21050512
-92.04746262,-26.20434344
-91.84756434,-26.19796290
-91.64766140,-26.19173549
-91.44775240,-26.18570246
-91.24785226,-26.17938350
-91.04795515,-26.17296902
-90.84805176,-26.16675338
-90.64814984,-26.16049043
-90.44824785,-26.15423000
-90.24833641,-26.14827949
-90.04841572,-26.14264756
-89.84850503,-26.13666963
-89.64859993,-26.13051057
-89.44867912,-26.12487797
-89.24875444,-26.11938871
-89.04883528,-26.11370532
-88.84893109,-26.10751620
-88.64902776,-26.10128533
-88.44910684,-26.09566884
-88.24919078,-26.08987941
-88.04928448,-26.08374858
-87.84937224,-26.07782759
-87.64945425,-26.07209903
-87.44954378,-26.06611715
-87.24964004,-26.05991207
-87.04973061,-26.05389385
-86.84981385,-26.04812296
-86.64990506,-26.04208575
-86.44999718,-26.03601189
-86.25009318,-26.02981763
-86.05018517,-26.02376945
-85.85026120,-26.01824013
-85.65035283,-26.01218583
-85.45044673,-26.00605890
-85.25053122,-26.00024414
-85.05061678,-25.99439443
-84.85070109,-25.98858764
-84.65079033,-25.98261495
-84.45088563,-25.97643845
-84.25097613,-25.97042437
-84.05105885,-25.96467302
-83.85114687,-25.95873870
-83.65123185,-25.95290828
-83.45131136,-25.94727218
-83.25140175,-25.94125698
-83.05148707,-25.93541576
-82.85157235,-25.92957553
-82.65165787,-25.92372709
-82.45174736,-25.91774476
-82.25183166,-25.91193921
-82.05191256,-25.90625082
-81.85199118,-25.90064372
-81.65206603,-25.89517205
-81.45214491,-25.88955625
-81.25222619,-25.88385533
-81.05229907,-25.87845637
-80.85237576,-25.87291948
-80.65246305,-25.86701057
-80.45254524,-25.86127948
-80.25261896,-25.85584673
-80.05269026,-25.85050700
-79.85276170,-25.84516164
-79.65283555,-25.83972671
-79.45291356,-25.83414149
-79.25299012,-25.82860836
-79.05306698,-25.82306276
-78.85314925,-25.81732689
-78.65323262,-25.81155444
-78.45330597,-25.80613530
-78.25338192,-25.80062478
-78.05346882,-25.79472946
-77.85355093,-25.78900029
-77.65363825,-25.78309259
-77.45372959,-25.77704483
-77.25381544,-25.77118636
-77.05389523,-25.76553755
-76.85397472,-25.75989941
-76.65405664,-25.75417552
-76.45414128,-25.74835768
-76.25422873,-25.74244299
-76.05430871,-25.73679047
-75.85438355,-25.73131642
-75.65446470,-25.72562071
-75.45455582,-25.71958415
-75.25465016,-25.71344177
-75.05474124,-25.70740329
-74.85482199,-25.70172186
-74.65491155,-25.69574009
-74.45500896,-25.68949175
-74.25510996,-25.68313858
-74.05521210,-25.67675240
-73.85530007,-25.67081466
-73.65539312,-25.66471306
-73.45549457,-25.65834431
-73.25560281,-25.65176549
-73.05571087,-25.64519173
-72.85581836,-25.63863524
-72.65592153,-25.63221203
-72.45602438,-25.62579924
-72.25613919,-25.61902346
-72.05625731,-25.61215255
-71.85636179,-25.60568878
-71.65646565,-25.59924060
-71.45657689,-25.59257098
-71.25669419,-25.58572225
-71.05680886,-25.57895047
-70.85692739,-25.57206617
-70.65705088,-25.56503842
-70.45717378,-25.55802814
-70.25729523,-25.55105913
-70.05742099,-25.54396770
-69.85755110,-25.53675479
-69.65768259,-25.52950363
-69.45780657,-25.52246124
-69.25793679,-25.51524685
-69.05807613,-25.50778222
-68.85821661,-25.50028772
-68.65835670,-25.49280323
-68.45849610,-25.48533713
-68.25863735,-25.47782177
-68.05878078,-25.47024857
-67.85891433,-25.46294025
-67.65903947,-25.45586560
-67.45916704,-25.44872421
-67.25929753,-25.44150010
-67.05943239,-25.43415792
-66.85957373,-25.42663963
-66.65971454,-25.41913543
-66.45986255,-25.41144287
-66.26000654,-25.40385535
-66.06014705,-25.39635925
-65.86029000,-25.38879866
-65.66042730,-25.38139036
-65.46055369,-25.37427959
-65.26068165,-25.36712795
-65.06081957,-25.35970006
-64.86095243,-25.35241132
-64.66108094,-25.34524289
-64.46120958,-25.33807061
-64.26133915,-25.33087266
-64.06147199,-25.32358383
-63.86160059,-25.31641547
-63.66171721,-25.30958388
-63.46183228,-25.30279577
-63.26196046,-25.29563982
-63.06209520,-25.28829903
-62.86222331,-25.28114217
-62.66234290,-25.27422590
-62.46245863,-25.26742306
-62.26258115,-25.26042272
-62.06271029,-25.25323682
-61.86284262,-25.24596202
-61.66296183,-25.23906083
-61.46307079,-25.23245383
-61.26318180,-25.22578897
-61.06330518,-25.21876682
-60.86342599,-25.21181663
-60.66354878,-25.20480755
-60.46366908,-25.19787294
-60.26377757,-25.19128625
-60.06388499,-25.18473230
-59.86399886,-25.17798390
-59.66412036,-25.17101288
-59.46423914,-25.16412196
-59.26434555,-25.15759712
-59.06445098,-25.15110432
-58.86456891,-25.14423780
-58.66469062,-25.13726144
-58.46480914,-25.13037755
-58.26492372,-25.12360771
-58.06503792,-25.11684953
-57.86515840,-25.10990910
-57.66527657,-25.10303472
-57.46539259,-25.09622311
-57.26550865,-25.08941088
-57.06562664,-25.08254032
-56.86574157,-25.07576170
-56.66584534,-25.06932027
-56.46595367,-25.06273871
-56.26607553,-25.05575983
-56.06619686,-25.04878877
-55.86630640,-25.04216751
-55.66640094,-25.03602119
-55.46649110,-25.03001536
-55.26658414,-25.02391593
-55.06667599,-25.01785524
-54.86676626,-25.01184670
-54.66686212,-25.00565477
-54.46695572,-24.99953916
-54.26704138,-24.99368526
-54.06712781,-24.98780467
-53.86722185,-24.98167324
-53.66732346,-24.97529582
-53.46742245,-24.96900553
-53.26750946,-24.96310710
-53.06759717,-24.95718470
-52.86769133,-24.95104934
-52.66778809,-24.94482616
-52.46788135,-24.93871871
-52.26796868,-24.93281067
-52.06807394,-24.92631907
-51.86819225,-24.91943518
-51.66831497,-24.91243100
-51.46843318,-24.90555580
-51.26854539,-24.89885668
-51.06865628,-24.89219743
-50.86876871,-24.88549218
-50.66888273,-24.87874004
-50.46900107,-24.87185997
-50.26911458,-24.86512471
-50.06922185,-24.85857478
-49.86933719,-24.85178272
-49.66945764,-24.84484101
-49.46958324,-24.83775421
-49.26971368,-24.83053248
-49.06983426,-24.82358858
-48.86993583,-24.81721240
-48.67004061,-24.81074302
-48.47016584,-24.80366089
-48.27028285,-24.79682828
-48.07037242,-24.79084009
-47.87045584,-24.78506263
-47.67054637,-24.77903955
-47.47065490,-24.77245362
-47.27075644,-24.76607895
-47.07084458,-24.76014141
-46.87092974,-24.75430585
-46.67102109,-24.74826177
-46.47111279,-24.74220626
-46.27120370,-24.73617665
-46.07129290,-24.73020362
-45.87138528,-24.72412643
-45.67148277,-24.71788165
-45.47157808,-24.71170808
-45.27166859,-24.70569186
-45.07175550,-24.69979609
-44.87184415,-24.69384186
-44.67193727,-24.68773913
-44.47203376,-24.68152725
-44.27213210,-24.67525627
-44.07223786,-24.66875303
-43.87234283,-24.66227392
-43.67244316,-24.65593975
-43.47254364,-24.64960002
-43.27265112,-24.64304454
-43.07275707,-24.63653570
-42.87285681,-24.63021905
-42.67295549,-24.62393744
-42.47306098,-24.61744235
-42.27316885,-24.61087432
-42.07327526,-24.60435127
-41.87337634,-24.59799219
-41.67348345,-24.59145074
-41.47360015,-24.58461821
-41.27371622,-24.57780443
-41.07382815,-24.57111380
-40.87393106,-24.56469778
-40.67403284,-24.55831891
-40.47414993,-24.55147706
-40.27427505,-24.54440353
-40.07440550,-24.53718047
-39.87453210,-24.53006607
-39.67465416,-24.52307897
-39.47478220,-24.51592455
-39.27491665,-24.50859170
-39.07504666,-24.50138211
-38.87517152,-24.49431574
-38.67530151,-24.48710628
-38.47542889,-24.47996934
-38.27555459,-24.47287914
-38.07568243,-24.46572938
-37.87581208,-24.45852918
-37.67593920,-24.45139966
-37.47606608,-24.44427665
-37.27619436,-24.43711443
-37.07632267,-24.42995154
-36.87644777,-24.42287891
-36.67657100,-24.41585905
-36.47669568,-24.40879814
-36.27682308,-24.40166047
-36.07695188,-24.39448377
-35.87707555,-24.38745161
-35.67719783,-24.38045876
-35.47732319,-24.37337878
-35.27745535,-24.36610963
-35.07758786,-24.35882994
-34.87771367,-24.35173644
-34.67783231,-24.34484846
-34.47795482,-24.33784944
-34.27808762,-24.33056240
-34.07822259,-24.32321598
-33.87835186,-24.31602626
-33.67848233,-24.30880333
-33.47861251,-24.30158817
-33.27874513,-24.29430651
-33.07888310,-24.28687912
-32.87902292,-24.27940257
-32.67913901,-24.27258874
-32.47924958,-24.26593400
-32.27936750,-24.25906810
-32.07949364,-24.25196446
-31.87962182,-24.24480725
-31.67973855,-24.23797307
-31.47985638,-24.23110664
-31.27999118,-24.22376648
-31.08013305,-24.21623249
-30.88026960,-24.20884467
-30.68039457,-24.20177545
-30.48051573,-24.19481588
-30.28065194,-24.18743561
-30.08079833,-24.17978055
-29.88093827,-24.17230271
-29.68107045,-24.16503143
-29.48120561,-24.15768018
-29.28134164,-24.15030546
-29.08148483,-24.14273849
-28.88162628,-24.13521565
-28.68175959,-24.12791453
-28.48188220,-24.12091272
-28.28200026,-24.11404181
-28.08211997,-24.10711997
-27.88225031,-24.09990253
-27.68239666,-24.09225160
-27.48254292,-24.08460768
-27.28267261,-24.07740523
-27.08280548,-24.07011419
-26.88295220,-24.06245519
-26.68309619,-24.05486854
-26.48323380,-24.04744952
-26.28337267,-24.03999751
-26.08351362,-24.03249051
-25.88366394,-24.02473645
-25.68380639,-24.01719097
-25.48394758,-24.00967638
-25.28409910,-24.00189286
-25.08425810,-23.99391920
-24.88441835,-23.98591420
-24.68457516,-23.97799590
-24.48472257,-23.97031921
-24.28486512,-23.96276834
-24.08501752,-23.95496372
-23.88517713,-23.94697324
-23.68533316,-23.93907492
-23.48548754,-23.93121821
-23.28564350,-23.92332135
-23.08580029,-23.91540290
-22.88596272,-23.90734454
-22.68613170,-23.89912482
-22.48629903,-23.89094507
-22.28645936,-23.88293896
-22.08661117,-23.87514739
-21.88677546,-23.86704082
-21.68695526,-23.85856149
-21.48713189,-23.85015919
-21.28729740,-23.84202003
-21.08747311,-23.83364402
-20.88767219,-23.82472266
-20.68788023,-23.81559514
-20.48808055,-23.80664670
-20.28826854,-23.79797793
-20.08847375,-23.78891854
-19.88869191,-23.77957933
-19.68891585,-23.77011725
-19.48914423,-23.76056202
-19.28938078,-23.75083743
-19.08961870,-23.74108489
-18.88986795,-23.73110336
-18.69012926,-23.72088242
-18.49039790,-23.71052030
-18.29066861,-23.70011901
-18.09093353,-23.68982477
-17.89122390,-23.67905782
-17.69154801,-23.66767328
-17.49188903,-23.65600032
-17.29222957,-23.64433385
-17.09258180,-23.63247036
-16.89295769,-23.62021128
-16.69335094,-23.60767634
-16.49375023,-23.59504519
-16.29414552,-23.58247621
-16.09456034,-23.56959855
-15.89501132,-23.55617548
-15.69550440,-23.54213818
-15.49602760,-23.52767996
-15.29657372,-23.51291006
-15.09716879,-23.49749366
-14.89779897,-23.48162781
-14.69847583,-23.46518481
-14.49922465,-23.44789539
-14.30002354,-23.43003496
-14.10085637,-23.41180089
-13.90176954,-23.39271014
-13.70276808,-23.37274763
-13.50383572,-23.35211047
-13.30500960,-23.33046980
-13.10629318,-23.30784069
-12.90771212,-23.28406052
-12.70923145,-23.25945430
-12.51087322,-23.23387650
-12.31267820,-23.20706573
-12.11461434,-23.17930101
-11.91670773,-23.15044111
-11.71903840,-23.11998894
-11.52160703,-23.08803453
-11.32447109,-23.05431122
-11.12757829,-23.01918910
-10.93092721,-22.98273956
-10.73460318,-22.94457415
-10.53863315,-22.90462472
-10.34294179,-22.86333219
-10.14756595,-22.82057481
-9.95265044,-22.77576579
-9.75823906,-22.72881059
-9.56426590,-22.68008178
-9.37076520,-22.62951090
-9.17785718,-22.57671642
-8.98561963,-22.52153627
-8.79404951,-22.46408475
-8.60306720,-22.40470083
-8.41275888,-22.34319632
-8.22314740,-22.27957854
-8.03416833,-22.21409257
-7.84613710,-22.14594789
-7.65890358,-22.07563492
-7.47236635,-22.00349829
-7.28668159,-21.92918524
-7.10214167,-21.85208186
-6.91877878,-21.77222119
-6.73628979,-21.69037402
-6.55487285,-21.60618644
-6.37466292,-21.51944327
-6.19555527,-21.43044572
-6.01753074,-21.33929897
-5.84081684,-21.24563696
-5.66554287,-21.14930507
-5.49164257,-21.05052124
-5.31941168,-20.94884676
-5.14898560,-20.84418040
-4.98004118,-20.73713760
-4.81272559,-20.62756278
-4.64725018,-20.51523340
-4.48356660,-20.40031005
-4.32181807,-20.28267411
-4.16203506,-20.16238586
-4.00438055,-20.03931607
-3.84863386,-19.91384143
-3.69462153,-19.78624848
-3.54311462,-19.65568345
-3.39433270,-19.52202376
-3.24784381,-19.38585395
-3.10367047,-19.24724241
-2.96201201,-19.10605688
-2.82270597,-18.96255355
-2.68533440,-18.81719046
-2.55008754,-18.66985236
-2.41757696,-18.52004880
-2.28766402,-18.36798700
-2.16066696,-18.21348051
-2.03651082,-18.05668307
-1.91519275,-17.89767820
-1.79642026,-17.73676601
-1.68063452,-17.57368752
-1.56755869,-17.40871945
-1.45733449,-17.24183499
-1.35012243,-17.07299747
-1.24571870,-16.90241210
-1.14415532,-16.73011773
-1.04560118,-16.55608413
-0.94992824,-16.38045237
-0.85789027,-16.20288683
-0.76841123,-16.02401686
-0.68128762,-15.84399135
-0.59734737,-15.66245908
-0.51621883,-15.47964978
-0.43801256,-15.29557642
-0.36325880,-15.11007062
-0.29128441,-14.92347177
-0.22195649,-14.73586838
-0.15538066,-14.54727562
-0.09227700,-14.35749296
-0.03225428,-14.16671247
0.02558110,-13.97525666
0.08155398,-13.78324909
0.13484941,-13.59047982
0.18567454,-13.39704599
0.23543423,-13.20333350
0.28315571,-13.00911205
0.32794561,-12.81419327
0.36970300,-12.61860002
0.40989829,-12.42268132
0.44857149,-12.22645382
0.48446440,-12.02970350
0.51860202,-11.83263674
0.55159944,-11.63537911
0.58326446,-11.43790244
0.61696402,-11.24075397
0.64478442,-11.04272849
0.66687175,-10.84394143
0.69150631,-10.64546502
0.71280007,-10.44660053
0.73224273,-10.24754576
0.75509969,-10.04885814
0.77741104,-9.85010952
0.79457911,-9.65085024
0.80885914,-9.45136106
0.82259849,-9.25183245
0.83798085,-9.05242883
0.85553779,-8.85320002
0.86702389,-8.65352349
0.87043486,-8.45355005
0.87827776,-8.25372814
0.88885149,-8.05398428
0.89377361,-7.85405441
0.89661461,-7.65407514
0.90506127,-7.45425656
0.91470562,-7.25448743
0.92132453,-7.05459890
0.92540517,-6.85464076
0.92795265,-6.65465666
0.93042429,-6.45467108
0.93064779,-6.25467258
0.93042472,-6.05467336
0.93154777,-5.85467533
0.93259903,-5.65467869
0.93299854,-5.45467877
0.93223202,-5.25468104
0.93053131,-5.05468749
0.92912838,-4.85469257
0.92860146,-4.65469313
0.92718923,-4.45469828
0.92490396,-4.25471145
0.92221058,-4.05472952
0.92004266,-3.85474164
0.91803932,-3.65475093
0.91428429,-3.45478698
0.90989732,-3.25483503
0.90521382,-3.05489000
0.90025584,-2.85495148
0.89560744,-2.65500548
0.89115065,-2.45505512
0.88661495,-2.25510656
0.88198573,-2.05516025
0.87787489,-1.85520231
0.87367950,-1.65524636
0.86954836,-1.45528909
0.86571031,-1.25532583
0.86177568,-1.05536457
0.85749787,-0.85541026
0.85329325,-0.65545454
0.84933379,-0.45549373
0.84525759,-0.25553536
0.84135348,-0.05557326
0.83722990,0.14438449
0.83233054,0.34432409
0.82723952,0.54425936
0.82277687,0.74420960
0.81817263,0.94415648
0.81303254,1.14409042
0.80798036,1.34402667
0.80378662,1.54398249
0.79989224,1.74394471
0.79609101,1.94390860
0.79229691,2.14387260
0.78869586,2.34384017
0.78530086,2.54381141
0.78179410,2.74378070
0.77778624,2.94374042
0.77345401,3.14369361
0.76926196,3.34364972
0.76474509,3.54359860
0.76007584,3.74354408
0.75599740,3.94350249
0.75221928,4.14346690
0.74853734,4.34343303
0.74511902,4.54340378
0.74187552,4.74337751
0.73888132,4.94335509
0.73572761,5.14333020
0.73186173,5.34329277
0.72782845,5.54325209
0.72384612,5.74321250
0.71994636,5.94317445
0.71642483,6.14314343
0.71289997,6.34311241
0.70962354,6.54308547
0.70660209,6.74306273
0.70352344,6.94303903
0.70043059,7.14301509
0.69756032,7.34299451
0.69478258,7.54297522
0.69211965,7.74295749
0.68939535,7.94293893
0.68674149,8.14292130
0.68400863,8.34290271
0.68147754,8.54288669
0.67918298,8.74287349
0.67658405,8.94285669
0.67398199,9.14283977
0.67168267,9.34282652
0.66928836,9.54281216
0.66655265,9.74279347
0.66402624,9.94277748
0.66160022,10.14276277
0.65877715,10.34274283
0.65576971,10.54272028
0.65279332,10.74269810
0.64993850,10.94267773
0.64725897,11.14265977
0.64482570,11.34264497
0.64239223,11.54263019
0.64019697,11.74261812
0.63814624,11.94260777
0.63575249,12.14259326
0.63304074,12.34257499
0.63071138,12.54256129
0.62864331,12.74255070
0.62604477,12.94253362
0.62310611,13.14251222
0.62031105,13.34249265
0.61758693,13.54247412
0.61490767,13.74245615
0.61238784,13.94244027
0.60985131,14.14242421
0.60706018,14.34240471
0.60413488,14.54238333
0.60126889,14.74236279
0.59853458,14.94234411
0.59583475,15.14232586
0.59303401,15.34230627
0.59029000,15.54228744
0.58734983,15.74226537
0.58577026,15.94225958
0.58392967,16.14225160
0.58133696,16.34223492
0.57855242,16.54221551
0.57582094,16.74219685
0.57305827,16.94217779
0.57021097,17.14215766
0.56780268,17.34214302
0.56593351,17.54213442
0.56459273,17.74212987
0.56335003,17.94212606
0.56141520,18.14211705
0.55986056,18.34211046
0.55850389,18.54210530
0.55483001,18.74207205
0.55040233,18.94202284
0.54760612,19.14200222
0.54597217,19.34199714
0.54387198,19.54198574
0.54150970,19.74197300
0.53989531,19.94196610
0.53910694,20.14196460
0.53800394,20.34196159
0.53649324,20.54195580
0.53449457,20.74194600
0.53216695,20.94193252
0.52923539,21.14191080
0.52638687,21.34189115
0.52443087,21.54188089
0.52326243,21.74187760
0.52170940,21.94187197
0.51894801,22.14185247
0.51622727,22.34183541
0.51481549,22.54182946
0.51457527,22.74183009
0.51302997,22.94182171
0.50984298,23.14179941
0.50674118,23.34177509
0.50486145,23.54176711
0.50244767,23.74175345
0.49840862,23.94171139
0.49386689,24.14166057
0.49176361,24.34164790
0.49154138,24.54165162
0.49123319,24.74165112
0.49161354,24.94164805
0.49355889,25.14164163
0.49530921,25.34163810
0.49446042,25.54163237
0.49082147,25.74159935
0.48745149,25.94157113
0.48422753,26.14154510
0.47947512,26.34148802
0.47374189,26.54140898
0.46945553,26.74136231
0.46836148,26.94135722
0.46872969,27.14135866
0.46853880,27.34135864
0.46772876,27.54135690
0.46713649,27.74135590
0.46723166,27.94135742
0.46603837,28.14135078
0.46308470,28.34133116
0.46029063,28.54131120
0.45818979,28.74130076
0.45598113,28.94128855
0.45417750,29.14128020
0.45341986,29.34127906
0.45326924,29.54127944
0.45202186,29.74127518
0.44987872,29.94126370
0.44768776,30.14125169
0.44565934,30.34124142
0.44326218,30.54122703
0.44028352,30.74120488
0.43819728,30.94119418
0.43734663,31.14119296
0.43678815,31.34119206
0.43560522,31.54118865
0.43435747,31.74118467
0.43350653,31.94118306
0.43223751,32.14117876
0.43032115,32.34116968
0.42843577,32.54116079
0.42689924,32.74115495
0.42522564,32.94114793
0.42362548,33.14114157
0.42254118,33.34113848
0.42185535,33.54113791
0.42055154,33.74113338
0.41816464,33.94111909
0.41551855,34.14110162
0.41300643,34.34108586
0.41058206,34.54107113
0.40808284,34.74105553
0.40507435,34.94103288
0.40277228,35.14101974
0.40096137,35.34101170
0.39855448,35.54099733
0.39575685,35.74097790
0.39291116,35.94095760
0.39042851,36.14094212
0.38800905,36.34092753
0.38521253,36.54090793
0.38193112,36.74088162
0.37914062,36.94086151
0.37745834,37.14085491
0.37525971,37.34084187
0.37222898,37.54081933
0.36950080,37.74080075
0.36681706,37.94078275
0.36383831,38.14076056
0.36069339,38.34073581
0.35796950,38.54071727
0.35550092,38.74070224
0.35284508,38.94068450
0.34983281,39.14066178
0.34708040,39.34064311
0.34464081,39.54062860
0.34325634,39.74062337
0.34167900,39.94061713
0.33938119,40.14060388
0.33667093,40.34058578
0.33427403,40.54057122
0.33236350,40.74056219
0.32952866,40.94054163
0.32645149,41.14051833
0.32289739,41.34048641
0.31914703,41.54045200
0.31683228,41.74043779
0.31566091,41.94043474
0.31453585,42.14043135
0.31338060,42.34042792
0.31238005,42.54042565
0.31068404,42.74041862
0.30833840,42.94040485
0.30596028,43.14039075
0.30336762,43.34037405
0.30036906,43.54035145
0.29777015,43.74033477
0.29669004,43.94033160
0.29703159,44.14033120
0.29733484,44.34033200
0.29649525,44.54032942
0.29459079,44.74032080
0.29267781,44.94031154
0.29105729,45.14030529
0.28902672,45.34029458
