0.84091467,-19.99097099
0.84340491,-19.79098681
0.84582319,-19.59100139
0.84824225,-19.39101618
0.85039308,-19.19102781
0.85252851,-18.99103925
0.85518879,-18.79105700
0.85808128,-18.59107792
0.86095976,-18.39109864
0.86373578,-18.19111791
0.86654140,-17.99113761
0.86886677,-17.79115114
0.87169773,-17.59117114
0.87463748,-17.39119276
0.87733275,-17.19121092
0.87942483,-16.99122203
0.88107345,-16.79122879
0.88277202,-16.59123601
0.88469476,-16.39124532
0.88745321,-16.19126422
0.89036535,-15.99128551
0.89268975,-15.79129899
0.89442086,-15.59130649
0.89637856,-15.39131628
0.89858419,-15.19132836
0.90057582,-14.99133832
0.90200396,-14.79134333
0.90381581,-14.59135164
0.90571602,-14.39136075
0.90719119,-14.19136616
0.90896751,-13.99137400
0.91130608,-13.79138770
0.91355972,-13.59140056
0.91509955,-13.39140627
0.91653696,-13.19141150
0.91840085,-12.99142018
0.92048625,-12.79143108
0.92242621,-12.59144035
0.92369993,-12.39144452
0.92494683,-12.19144839
0.92574649,-11.99145009
0.92586101,-11.79145003
0.92600988,-11.59145040
0.92546875,-11.39145137
0.92737433,-11.19146851
0.93064820,-10.99149400
0.92921754,-10.79149138
0.92622857,-10.59151630
0.92592454,-10.39151292
0.92502494,-10.19151676
0.92338591,-9.99152307
0.92367706,-9.79152474
0.92521089,-9.59152959
0.92592523,-9.39153040
0.92397481,-9.19154181
0.92232142,-8.99154899
0.92395367,-8.79155737
0.92602031,-8.59155839
0.92348315,-8.39158576
0.91660338,-8.19170337
0.91264333,-7.99174480
0.91373752,-7.79174371
0.91383660,-7.59174506
0.90991794,-7.39178307
0.90635285,-7.19181683
0.90593882,-6.99181826
0.90691856,-6.79181826
0.90650784,-6.59181826
0.90376667,-6.39183758
0.89988193,-6.19187523
0.89636109,-5.99190581
0.89380330,-5.79192217
0.89097199,-5.59194206
0.88731836,-5.39197555
0.88369018,-5.19200848
0.88067840,-4.99203117
0.87806208,-4.79204808
0.87561737,-4.59206306
0.87330707,-4.39207634
0.87092110,-4.19209059
0.86789329,-3.99211356
0.86438593,-3.79214432
0.86091882,-3.59217440
0.85748702,-3.39220377
0.85366105,-3.19224047
0.84916327,-2.99229104
0.84430173,-2.79235009
0.83957699,-2.59240597
0.83550355,-2.39244722
0.83181140,-2.19248122
0.82802916,-1.99251701
0.82429208,-1.79255192
0.82053759,-1.59258717
0.81681842,-1.39262175
0.81342168,-1.19265056
0.81026212,-0.99267552
0.80717162,-0.79269938
0.80394527,-0.59272541
0.80045748,-0.39275584
0.79688911,-0.19278773
0.79351442,0.00718413
0.79001389,0.20715350
0.78576112,0.40710819
0.78145004,0.60706172
0.77738614,0.80702041
0.77309360,1.00697428
0.76834674,1.20691807
0.76369233,1.40686376
0.75960087,1.60682193
0.75587260,1.80678733
0.75256485,2.00675997
0.74962507,2.20673850
0.74681837,2.40671878
0.74389073,2.60669740
0.74064423,2.80667114
0.73697467,3.00663744
0.73327263,3.20660319
0.72942489,3.40656613
0.72527564,3.60652316
0.72102331,3.80647804
0.71699277,4.00643735
0.71345953,4.20640608
0.71001602,4.40637653
0.70681371,4.60635084
0.70395853,4.80633069
0.70110479,5.00631038
0.69781915,5.20628323
0.69454648,5.40625645
0.69132414,5.60623047
0.68798403,5.80620260
0.68463748,6.00617464
0.68108708,6.20614311
0.67758318,6.40611234
0.67441818,6.60608735
0.67123560,6.80606201
0.66800760,7.00603595
0.66498747,7.20601315
0.66229285,7.40599499
0.65955257,7.60597621
0.65697252,7.80595953
0.65449168,8.00594420
0.65191975,8.20592766
0.64948452,8.40591281
0.64717186,8.60589945
0.64471600,8.80588438
0.64199671,9.00586592
0.63920374,9.20584639
0.63661140,9.40582961
0.63390735,9.60581133
0.63119818,9.80579294
0.62884497,10.00577915
0.62649075,10.20576535
0.62395619,10.40574926
0.62128081,10.60573137
0.61867683,10.80571442
0.61623413,11.00569951
0.61394633,11.20568641
0.61175312,11.40567440
0.60966635,11.60566351
0.60785467,11.80565531
0.60585608,12.00564534
0.60368929,12.20563362
0.60161012,12.40562286
0.59991901,12.60561570
0.59820672,12.80560834
0.59588306,13.00559477
0.59338886,13.20557925
0.59119792,13.40556727
0.58920510,13.60555738
0.58724695,13.80554778
0.58534121,14.00553867
0.58353931,14.20553060
0.58171498,14.40552232
0.58012600,14.60551594
0.57869158,14.80551081
0.57714278,15.00550486
0.57547365,15.20549781
0.57370184,15.40548973
0.57190485,15.60548226
0.57096625,15.80547905
0.57079932,16.00548028
0.56980291,16.20547772
0.56750707,16.40546439
0.56500973,16.60544878
0.56288050,16.80543745
0.56056901,17.00542408
0.55815632,17.20540951
0.55609473,17.40539910
0.55465131,17.60539396
0.55370330,17.80539173
0.55267953,18.00538909
0.55151160,18.20538558
0.55002846,18.40538049
0.54793455,18.60536985
0.54478699,18.80534515
0.54129491,19.00531484
0.53949580,19.20530445
0.53843482,19.40530371
0.53650787,19.60529437
0.53434789,19.80528245
0.53318287,20.00527918
0.53246716,20.20527866
0.53153502,20.40527622
0.53015126,20.60527155
0.52849360,20.80526463
0.52620772,21.00525154
0.52356783,21.20523422
0.52128542,21.40522172
0.51993182,21.60521653
0.51909602,21.80521510
0.51745128,22.00520756
0.51484176,22.20519225
0.51227841,22.40517740
0.51115173,22.60517173
0.51114119,22.80517348
0.50960751,23.00516419
0.50652754,23.20514333
0.50377500,23.40512517
0.50176811,23.60511463
0.49933407,23.80510015
0.49538842,24.00506380
0.49124664,24.20502161
0.48999350,24.40501527
0.49013401,24.60501537
0.49053779,24.80501673
0.49208156,25.00500879
0.49483136,25.20499049
0.49661641,25.40498227
0.49558843,25.60498228
0.49212425,25.80495379
0.48913829,26.00492953
0.48616181,26.20490760
0.48159310,26.40485671
0.47637975,26.60478940
0.47269075,26.80475335
0.47175656,27.00475195
0.47184126,27.20475193
0.47121088,27.40475055
0.47013871,27.60474780
0.46952744,27.80474668
0.46867008,28.00474606
0.46687695,28.20473828
0.46383471,28.40471485
0.46080785,28.60469188
0.45821423,28.80467509
0.45547707,29.00465634
0.45301620,29.20464130
0.45152339,29.40463566
0.45040663,29.60463274
0.44812013,29.80461918
0.44511618,30.00459671
0.44190312,30.20457083
0.43849234,30.40454189
0.43469727,30.60450563
0.43064464,30.80446548
0.42737397,31.00443819
0.42533520,31.20442794
0.42290080,31.40441296
0.42010837,31.60439368
0.41734809,31.80437461
0.41467659,32.00435681
0.41184456,32.20433679
0.40836926,32.40430652
0.40472667,32.60427340
0.40115150,32.80424140
0.39767073,33.00421111
0.39440270,33.20418443
0.39151282,33.40416363
0.38896164,33.60414735
0.38612621,33.80412726
0.38264486,34.00409689
0.37911508,34.20406576
0.37588753,34.40403994
0.37230517,34.60400738
0.36811361,34.80396343
0.36381293,35.00391798
0.36054139,35.20389047
0.35743073,35.40386641
0.35345314,35.60382725
0.34906081,35.80377903
0.34490060,36.00373573
0.34120766,36.20370157
0.33756538,36.40366848
0.33319118,36.60362035
0.32848317,36.80356589
0.32426765,37.00352145
0.32085221,37.20349224
0.31700539,37.40345533
0.31268093,37.60340855
0.30824904,37.80335947
0.30394761,38.00331320
0.29954750,38.20326483
0.29552343,38.40322460
0.29214490,38.60319601
0.28897086,38.80317092
0.28538590,39.00313866
0.28158143,39.20310253
0.27795819,39.40306984
0.27502837,39.60304718
0.27303980,39.80303850
0.27069229,40.00302468
0.26757068,40.20300037
0.26435152,40.40297454
0.26142076,40.60295300
0.25794144,40.80292263
0.25403744,41.00288494
0.25009158,41.20284593
0.24609091,41.40280580
0.24205263,41.60276518
0.23863637,41.80273556
0.23586230,42.00271689
0.23345643,42.20270248
0.23187909,42.40269601
0.23034510,42.60269027
0.22824209,42.80267932
0.22579295,43.00266450
0.22292710,43.20264388
0.21963374,43.40261684
0.21643262,43.60259119
0.21420127,43.80257801
0.21303838,44.00257553
0.21196412,44.20257273
0.21102768,44.40257038
0.20978589,44.60256642
0.20772082,44.80255579
0.20514881,45.00253934
0.20257339,45.20252280
0.20015837,45.40250812
0.19727060,45.60248665
0.19415508,45.80246360
0.19150380,46.00244706
0.19035495,46.20244291
0.18985745,46.40244209
0.18928329,46.60244204
0.18789249,46.80243692
0.18545206,47.00242209
0.18260527,47.20240189
0.17957034,47.40237905
0.17719645,47.60236475
0.17509340,47.80235368
0.17314000,48.00234414
0.17128091,48.20233549
0.16976834,48.40233007
0.16915999,48.60232895
0.16922452,48.80232907
0.16898646,49.00232889
0.16814986,49.20232718
0.16651809,49.40232036
0.16474379,49.60231264
0.16326094,49.80230714
0.16165082,50.00230067
0.15970296,50.20229123
0.15752439,50.40227937
0.15568364,50.60227083
0.15443407,50.80226700
0.15312848,51.00226274
0.15156377,51.20225661
0.15003591,51.40225076
0.14889077,51.60224750
0.14769905,51.80224390
0.14610264,52.00223755
0.14447589,52.20223091
0.14310942,52.40222627
0.14185792,52.60222236
0.14027791,52.80221605
0.13823875,53.00220568
0.13640528,53.20219724
0.13486255,53.40219130
0.13308407,53.60218340
0.13090219,53.80217149
0.12901939,54.00216260
0.12730203,54.20215532
0.12551766,54.40214734
0.12367498,54.60213886
0.12224955,54.80213375
0.12123962,55.00213117
0.12023393,55.20212870
0.11880334,55.40212352
0.11724905,55.60211751
0.11577845,55.80211209
0.11412782,56.00210534
0.11208981,56.20209493
0.10969312,56.40208061
0.10749680,56.60206824
0.10620225,56.80206457
0.10506756,57.00206131
0.10378570,57.20205719
0.10268938,57.40205416
0.10194500,57.60205277
0.10108349,57.80205089
0.10013201,58.00204864
0.09914999,58.20204661
0.09753691,58.40203973
0.09564969,58.60203089
0.09413489,58.80202519
0.09275457,59.00202042
0.09157207,59.20201696
0.09082036,59.40201555
0.09015017,59.60201439
0.08921788,59.80201227
0.08800771,60.00200858
0.08641877,60.20200226
0.08470767,60.40199492
0.08289808,60.60198676
0.08055805,60.80197305
0.07808782,61.00195778
0.07604535,61.20194724
0.07465130,61.40194259
0.07326380,61.60193769
0.07174574,61.80193191
0.07017727,62.00192575
0.06822004,62.20191617
0.06584800,62.40190205
0.06462012,62.60189883
0.06240295,62.80188616
0.06231004,63.00188218
0.06291012,63.20188356
0.05919101,63.40184805
0.05421839,63.60178612
0.05071801,63.80175521
0.04892471,64.00174868
0.05087948,64.20173784
0.05186859,64.40173342
0.05000564,64.60172565
0.04803013,64.80171567
0.04554072,65.00169924
0.04547414,65.20169879
0.05101552,65.40162043
0.05102898,65.60159383
0.04241851,65.80141042
0.03971768,66.00139045
0.03457503,66.20131979
0.03376360,66.40130493
0.03773444,66.60126117
0.03508026,66.80123895
0.03199339,67.00121496
0.02898011,67.20119216
