-296.56225455,54.20651704
-296.76218017,54.20108189
-296.96209594,54.19529712
-297.16200732,54.18935349
-297.36192740,54.18370075
-297.56183002,54.17746490
-297.76172381,54.17094946
-297.96161034,54.16421741
-298.16148679,54.15718864
-298.36138652,54.15085810
-298.56128306,54.14442659
-298.76118623,54.13820402
-298.96107175,54.13144017
-299.16094771,54.12439844
-299.36083943,54.11781828
-299.56072471,54.11105482
-299.76057508,54.10330843
-299.96045393,54.09636776
-300.16036041,54.09024795
-300.36025848,54.08386276
-300.56013240,54.07677319
-300.75996367,54.06855192
-300.95980679,54.06064195
-301.15967604,54.05341068
-301.35954392,54.04614151
-301.55944662,54.03991821
-301.75935761,54.03394369
-301.95923217,54.02686155
-302.15908417,54.01916931
-302.35894352,54.01166656
-302.55882646,54.00482552
-302.75870301,53.99780335
-302.95857524,53.99065568
-303.15843688,53.98321946
-303.35828604,53.97545022
-303.55816306,53.96843619
-303.75805870,53.96197682
-303.95794185,53.95513545
-304.15779161,53.94738296
-304.35766503,53.94028392
-304.55754863,53.93344186
-304.75740674,53.92591012
-304.95724204,53.91779389
-305.15708832,53.90996187
-305.35694886,53.90249055
-305.55680207,53.89482849
-305.75666540,53.88743754
-305.95653578,53.88023727
-306.15641443,53.87327669
-306.35630454,53.86664374
-306.55618295,53.85967031
-306.75605871,53.85262152
-306.95593103,53.84547642
-307.15580271,53.83831351
-307.35567623,53.83119994
-307.55555732,53.82430489
-307.75544960,53.81774111
-307.95533948,53.81110624
-308.15521710,53.80410959
-308.35508775,53.79691727
-308.55497756,53.79027642
-308.75488086,53.78405344
-308.95478590,53.77789319
-309.15468727,53.77161252
-309.35458742,53.76529365
-309.55448758,53.75897480
-309.75439304,53.75282655
-309.95430558,53.74691229
-310.15422369,53.74118618
-310.35413551,53.73525179
-310.55403688,53.72896918
-310.75394891,53.72304257
-310.95386764,53.71733794
-311.15378566,53.71161449
-311.35371409,53.70626056
-311.55364508,53.70100524
-311.75357391,53.69567077
-311.95350310,53.69034925
-312.15343672,53.68519597
-312.35337600,53.68025851
-312.55330938,53.67510206
-312.75323192,53.66953560
-312.95316066,53.66419637
-313.15309584,53.65910339
-313.35303687,53.65424588
-313.55298274,53.64959404
-313.75293109,53.64504873
-313.95287951,53.64049929
-314.15282180,53.63569660
-314.35275826,53.63065764
-314.55270208,53.62591481
-314.75264037,53.62095033
-314.95257142,53.61569620
-315.15250117,53.61039081
-315.35243374,53.60519786
-315.55237204,53.60023257
-315.75231541,53.59547267
-315.95225963,53.59074962
-316.15220274,53.58597955
-316.35214706,53.58126033
-316.55208809,53.57640324
-316.75202143,53.57123770
-316.95194881,53.56584775
-317.15187757,53.56051105
-317.35180620,53.55516909
-317.55172967,53.54963481
-317.75166321,53.54448737
-317.95160420,53.53962331
-318.15154091,53.53459239
-318.35146774,53.52918303
-318.55139105,53.52364102
-318.75131545,53.51814261
-318.95124183,53.51271702
-319.15117197,53.50743168
-319.35110525,53.50226595
-319.55103387,53.49692169
-319.75095602,53.49133998
-319.95087716,53.48572669
-320.15080739,53.48044244
-320.35073699,53.47513390
-320.55066247,53.46967473
-320.75058623,53.46415295
-320.95050847,53.45857620
-321.15043181,53.45303942
-321.35035939,53.44765723
-321.55029159,53.44244880
-321.75022276,53.43720489
-321.95014546,53.43164270
-322.15007167,53.42621011
-322.35000558,53.42106708
-322.54994357,53.41608439
-322.74987035,53.41067671
-322.94978329,53.40476369
-323.14968923,53.39862617
-323.34959654,53.39254167
-323.54951202,53.38672874
-323.74943273,53.38109834
-323.94935574,53.37554619
-324.14927697,53.36993006
-324.34919012,53.36403926
-324.54909949,53.35801901
-324.74901233,53.35211450
-324.94892209,53.34610775
-325.14882982,53.34003282
-325.34873907,53.33400875
-325.54864175,53.32777186
-325.74854010,53.32139433
-325.94843920,53.31504162
-326.14833770,53.30867045
-326.34823699,53.30232522
-326.54814188,53.29615918
-326.74804819,53.29003642
-326.94794983,53.28376278
-327.14783856,53.27709481
-327.34771879,53.27017162
-327.54759947,53.26326367
-327.74748363,53.25645879
-327.94737245,53.24979097
-328.14726337,53.24318628
-328.34715623,53.23664039
-328.54705230,53.23019267
-328.74695285,53.22388676
-328.94685737,53.21770732
-329.14676194,53.21152949
-329.34666433,53.20528219
-329.54656623,53.19901904
-329.74647159,53.19286509
-329.94637948,53.18679146
-330.14628064,53.18050737
-330.34617298,53.17394621
-330.54607017,53.16753438
-330.74596833,53.16115170
-330.94586518,53.15472881
-331.14576366,53.14835752
-331.34566642,53.14212196
-331.54557304,53.13601020
-331.74548233,53.12998694
-331.94539431,53.12405407
-332.14530853,53.11819649
-332.34522420,53.11238937
-332.54514137,53.10663364
-332.74505792,53.10085683
-332.94496878,53.09488661
-333.14487419,53.08873460
-333.34477686,53.08249484
-333.54468789,53.07653227
-333.74460378,53.07072926
-333.94451631,53.06481395
-334.14442515,53.05877615
-334.34433290,53.05270175
-334.54424178,53.04666464
-334.74415307,53.04070858
-334.94406697,53.03484070
-335.14397834,53.02888715
-335.34388681,53.02283653
-335.54379364,53.01673231
-335.74370076,53.01063770
-335.94361043,53.00462748
-336.14352701,52.99885194
-336.34345019,52.99330662
-336.54337734,52.98790690
-336.74330538,52.98254253
-336.94323103,52.97709095
-337.14315334,52.97151671
-337.34307535,52.96593173
-337.54299833,52.96038119
-337.74292338,52.95490544
-337.94285219,52.94957049
-338.14278490,52.94438319
-338.34271876,52.93923909
-338.54265115,52.93403932
-338.74258303,52.92881909
-338.94251640,52.92365729
-339.14245265,52.91860853
-339.34239079,52.91363382
-339.54232914,52.90866845
-339.74226662,52.90366754
-339.94220400,52.89866202
-340.14214630,52.89386179
-340.34209372,52.88927566
-340.54204209,52.88472803
-340.74198855,52.88009947
-340.94193498,52.87547121
-341.14188378,52.87094638
-341.34183008,52.86631299
-341.54177262,52.86151758
-341.74171366,52.85665980
-341.94165374,52.85176423
-342.14159224,52.84680563
-342.34152938,52.84178922
-342.54146852,52.83685151
-342.74141394,52.83218391
-342.94136639,52.82782195
-343.14131898,52.82346512
-343.34126504,52.81882193
-343.54120939,52.81410423
-343.74115295,52.80935336
-343.94109413,52.80449974
-344.14103561,52.79965951
-344.34098228,52.79504458
-344.54093278,52.79059483
-344.74088062,52.78602745
-344.94082719,52.78140408
-345.14077378,52.77678247
-345.34072096,52.77218626
-345.54066975,52.76766047
-345.74062393,52.76337911
-345.94057940,52.75915653
-346.14052985,52.75470858
-346.34047474,52.75001205
-346.54041882,52.74528258
-346.74036317,52.74056519
-346.94030797,52.73586638
-347.14025348,52.73119801
-347.34019973,52.72656180
-347.54014628,52.72193844
-347.74009265,52.71730657
-347.94003912,52.71267852
-348.13998717,52.70812037
-348.33993780,52.70367727
-348.53988801,52.69921349
-348.73983611,52.69465732
-348.93978129,52.68997511
-349.13972457,52.68521192
-349.33966806,52.68045794
-349.53961162,52.67570669
-349.73955437,52.67092125
-349.93949522,52.66605788
-350.13943419,52.66111755
-350.33937312,52.65617530
-350.53931437,52.65132783
-350.73926004,52.64666437
-350.93920476,52.64196325
-351.13914292,52.63699439
-351.33907704,52.63185901
-351.53901269,52.62678421
-351.73895152,52.62183831
-351.93889147,52.61693773
-352.13883199,52.61206002
-352.33877303,52.60720424
-352.53871574,52.60241793
-352.73866038,52.59771153
-352.93860569,52.59303269
-353.13854884,52.58826514
-353.33848730,52.58330545
-353.53842256,52.57821573
-353.73835884,52.57316777
-353.93829971,52.56830524
-354.13824052,52.56343963
-354.33817906,52.55848149
-354.53811826,52.55355032
-354.73805756,52.54862363
-354.93799440,52.54359738
-355.13792939,52.53849761
-355.33786264,52.53333038
-355.53779353,52.52807308
-355.73772227,52.52273402
-355.93765380,52.51750160
-356.13758695,52.51233112
-356.33751487,52.50696349
-356.53744051,52.50150868
-356.73736842,52.49613828
-356.93729960,52.49089146
-357.13723351,52.48574983
-357.33716767,52.48061837
-357.53709997,52.47541466
-357.73703021,52.47013263
-357.93695912,52.46480064
-358.13688831,52.45947904
-358.33681900,52.45421410
-358.53674880,52.44891592
-358.73667656,52.44354064
-358.93660519,52.43819802
-359.13653522,52.43290795
-359.33646640,52.42766162
-359.53639898,52.42246892
-359.73633234,52.41730620
-359.93626208,52.41200538
-360.13618963,52.40662170
-360.33612041,52.40136153
-360.53605551,52.39626637
-360.73598782,52.39106324
-360.93591582,52.38569753
-361.13584078,52.38021938
-361.33576414,52.37468184
-361.53569255,52.36933411
-361.73562715,52.36421799
-361.93556043,52.35905036
-362.13548799,52.35366790
-362.33541158,52.34814004
-362.53533449,52.34258704
-362.73525913,52.33709691
-362.93518685,52.33172001
-363.13511657,52.32641785
-363.33504107,52.32092441
-363.53496183,52.31529328
-363.73488401,52.30971386
-363.93481031,52.30428537
-364.13474056,52.29900152
-364.33466858,52.29363679
-364.53459003,52.28803280
-364.73451310,52.28248592
-364.93443625,52.27694197
-365.13435703,52.27131272
-365.33427817,52.26569674
-365.53420283,52.26020785
-365.73412715,52.25469984
-365.93404392,52.24893325
-366.13394872,52.24276680
-366.33384886,52.23644416
-366.53375472,52.23030807
-366.73366744,52.22439967
-366.93358065,52.21850833
-367.13348899,52.21245553
-367.33339354,52.20627681
-367.53329809,52.20009707
-367.73320578,52.19402111
-367.93311741,52.18807665
-368.13302850,52.18211375
-368.33293552,52.17601533
-368.53283849,52.16978599
-368.73273850,52.16346241
-368.93263797,52.15712175
-369.13253677,52.15076070
-369.33242998,52.14422577
-369.53232064,52.13761180
-369.73221208,52.13102262
-369.93210673,52.12453223
-370.13200292,52.11809010
-370.33189102,52.11140092
-370.53177622,52.10462265
-370.73166381,52.09791676
-370.93155562,52.09133984
-371.13145107,52.08487362
-371.33134590,52.07838661
-371.53124628,52.07207718
-371.73115459,52.06602060
-371.93106165,52.05992377
-372.13095876,52.05350953
-372.33084637,52.04680286
-372.53072234,52.03975865
-372.73058887,52.03244908
-372.93045986,52.02526890
-373.13034490,52.01848939
-373.33023011,52.01171451
-373.53011452,52.00491578
-373.73000021,51.99815353
-373.92988976,51.99150784
-374.12978378,51.98499696
-374.32967393,51.97836600
-374.52955447,51.97145678
-374.72942411,51.96423810
-374.92928941,51.95689628
-375.12915710,51.94962106
-375.32902864,51.94245432
-375.52890349,51.93538035
-375.72877992,51.92835068
-375.92865693,51.92133792
-376.12853407,51.91432888
-376.32841021,51.90729083
-376.52828274,51.90015158
-376.72814943,51.89285104
-376.92801458,51.88550724
-377.12788264,51.87824312
-377.32774597,51.87085151
-377.52760430,51.86332477
-377.72746906,51.85597150
-377.92733495,51.84864794
-378.12719420,51.84114572
-378.32704459,51.83341148
-378.52689141,51.82558491
-378.72674009,51.81780567
-378.92658516,51.80993541
-379.12642670,51.80197652
-379.32627922,51.79429681
-379.52613024,51.78657826
-379.72597317,51.77865299
-379.92581681,51.77074599
-380.12566814,51.76303579
-380.32552203,51.75539225
-380.52537194,51.74764598
-380.72521769,51.73979212
-380.92506662,51.73202027
-381.12491678,51.72428096
-381.32476142,51.71639934
-381.52460828,51.70857026
-381.72446360,51.70096152
-381.92433175,51.69370157
-382.12419937,51.68642777
-382.32405762,51.67889721
-382.52391491,51.67133949
-382.72377692,51.66391144
-382.92364758,51.65672090
-383.12352307,51.64966396
-383.32339691,51.64256127
-383.52326493,51.63529748
-383.72313114,51.62798301
-383.92299692,51.62065697
-384.12285910,51.61323195
-384.32272567,51.60592827
-384.52259605,51.59873174
-384.72245104,51.59111632
-384.92230718,51.58352753
-385.12217574,51.57627491
-385.32205571,51.56934522
-385.52193616,51.56243288
-385.72180832,51.55528167
-385.92168189,51.54817011
-386.12155994,51.54118697
-386.32144040,51.53427290
-386.52132194,51.52739035
-386.72120467,51.52054242
-386.92108879,51.51373484
-387.12097152,51.50688699
-387.32084986,51.49991190
-387.52073110,51.49302150
-387.72061797,51.48629496
-387.92050209,51.47948722
-388.12038285,51.47258199
-388.32026108,51.46560403
-388.52013807,51.45859040
-388.72001527,51.45158288
-388.91989448,51.44463294
-389.11977576,51.43774246
-389.31965538,51.43080466
-389.51953317,51.42381375
-389.71941576,51.41696107
-389.91930473,51.41029769
-390.11919945,51.40380930
-390.31909706,51.39741105
-390.51899369,51.39098050
-390.71888471,51.38437750
-390.91876438,51.37744377
-391.11863613,51.37028085
-391.31850916,51.36315336
-391.51838756,51.35617990
-391.71827153,51.34936822
-391.91815093,51.34242442
-392.11802654,51.33537067
-392.31790357,51.32835815
-392.51778095,51.32135598
-392.71765991,51.31439976
-392.91754795,51.30770779
-393.11743726,51.30105457
-393.31732623,51.29438960
-393.51721107,51.28760451
-393.71707700,51.28028298
-393.91694771,51.27309304
-394.11682832,51.26618176
-394.31671152,51.25934509
-394.51659277,51.25245433
-394.71646951,51.24543424
-394.91634095,51.23826292
-395.11621458,51.23115471
-395.31609781,51.22432255
-395.51598310,51.21754918
-395.71586854,51.21078105
-395.91575632,51.20408219
-396.11564280,51.19734445
-396.31553159,51.19067520
-396.51543021,51.18430485
-396.71533979,51.17828876
-396.91524554,51.17215646
-397.11513842,51.16560567
-397.31503651,51.15921999
-397.51494146,51.15305445
-397.71484677,51.14690022
-397.91474963,51.14066786
-398.11465005,51.13435636
-398.31455196,51.12809396
-398.51446245,51.12211062
-398.71437646,51.11624556
-398.91429031,51.11037646
-399.11420233,51.10444588
-399.31411629,51.09857768
-399.51404004,51.09305923
-399.71397541,51.08797185
-399.91391620,51.08309965
-400.11385815,51.07828227
-400.31379885,51.07341414
-400.51373629,51.06841167
-400.71367154,51.06332315
-400.91361001,51.05836270
-401.11354951,51.05344320
-401.31348782,51.04847636
-401.51343126,51.04371895
-401.71338373,51.03936144
-401.91333988,51.03517127
-402.11329252,51.03081972
-402.31324948,51.02667118
-402.51321260,51.02281839
-402.71317628,51.01899810
-402.91312806,51.01461481
-403.11308533,51.01048289
-403.31304920,51.00666940
-403.51301265,51.00284741
-403.71297385,50.99890730
-403.91293476,50.99494702
-404.11290131,50.99129958
-404.31287535,50.98807591
-404.51285194,50.98500449
-404.71282673,50.98183098
-404.91279905,50.97850302
-405.11277113,50.97516112
-405.31274461,50.97190384
-405.51272073,50.96881220
-405.71269882,50.96585216
-405.91267295,50.96263350
-406.11264457,50.95926166
-406.31261655,50.95591551
-406.51259123,50.95273452
-406.71256802,50.94968540
-406.91254876,50.94691500
-407.11253059,50.94421301
-407.31251407,50.94165049
-407.51249905,50.93920028
-407.71248112,50.93652102
-407.91246921,50.93434820
-408.11245953,50.93236971
-408.31244712,50.93014232
-408.51243483,50.92792515
-408.71242553,50.92597977
-408.91241047,50.92354588
-409.11238987,50.92067218
-409.31237445,50.91818520
-409.51236532,50.91627510
-409.71235530,50.91427726
-409.91234130,50.91191171
-410.11232872,50.90963089
-410.31232569,50.90864080
-410.51232318,50.90762827
-410.71231712,50.90607125
-410.91231062,50.90446327
-411.11230726,50.90328689
-411.31230120,50.90175263
-411.51229489,50.90016303
-411.71229021,50.89880062
-411.91228623,50.89754544
-412.11228082,50.89607608
-412.31227690,50.89486066
-412.51227653,50.89452208
-412.71227500,50.89376615
-412.91227264,50.89383218
-413.11227082,50.89289524
-413.31226542,50.89334448
