-10.36936944,51.66541172
-10.41460243,51.86023139
-10.45980920,52.05505701
-10.50496356,52.24989451
-10.55003928,52.44474985
-10.59501016,52.63962896
-10.63984998,52.83453779
-10.68453254,53.02948229
-10.72903162,53.22446840
-10.77332102,53.41950206
-10.81737451,53.61458922
-10.86117595,53.80973354
-10.90477110,54.00492465
-10.94822928,54.20014684
-10.99161985,54.39538439
-11.03501219,54.59062158
-11.07847565,54.78584268
-11.12207960,54.98103197
-11.16589341,55.17617374
-11.20998644,55.37125225
-11.25442807,55.56625179
-11.29927858,55.76115869
-11.34449843,55.95598181
-11.38998617,56.15074400
-11.43563942,56.34546831
-11.48135580,56.54017780
-11.52703294,56.73489552
-11.57256846,56.92964452
-11.61785999,57.12444786
-11.66280514,57.31932860
-11.70730155,57.51430979
-11.75124914,57.70941396
-11.79462439,57.90464645
-11.83749625,58.09999182
-11.87993918,58.29543338
-11.92202767,58.49095446
-11.96383618,58.68653837
-12.00543918,58.88216843
-12.04691114,59.07782796
-12.08832654,59.27350027
-12.12975984,59.46916868
-12.17128547,59.66481653
-12.21295829,59.86043153
-12.25478542,60.05601214
-12.29676682,60.25155845
-12.33890242,60.44707051
-12.38119217,60.64254841
-12.42363601,60.83799222
-12.46623389,61.03340201
-12.50898576,61.22877784
-12.55189156,61.42411981
-12.59495123,61.61942797
-12.63816292,61.81470278
-12.68151503,62.00994680
-12.72499263,62.20516327
-12.76858083,62.40035545
-12.81226470,62.59552659
-12.85602933,62.79067995
-12.89985983,62.98581878
-12.94374126,63.18094633
-12.98765873,63.37606585
-13.03159733,63.57118060
-13.07554235,63.76629379
-13.11948225,63.96140797
-13.16340773,64.15652523
-13.20730957,64.35164764
-13.25117852,64.54677729
-13.29500535,64.74191623
-13.33878083,64.93706656
-13.38249573,65.13223034
-13.42614081,65.32740966
-13.46970684,65.52260657
-13.51318465,65.71782316
-13.55657401,65.91305947
-13.59989352,66.10831139
-13.64316411,66.30357425
-13.68640672,66.49884342
-13.72964230,66.69411424
-13.77289177,66.88938205
-13.81617609,67.08464220
-13.85951619,67.27989005
-13.90293301,67.47512093
-13.94644749,67.67033021
-13.99007010,67.86551553
-14.03377621,68.06068233
-14.07753382,68.25583766
-14.12131095,68.45098857
-14.16507561,68.64614212
-14.20879582,68.84130535
-14.25243959,69.03648531
-14.29597492,69.23168907
-14.33936984,69.42692367
-14.38259235,69.62219616
-14.42561263,69.81751313
-14.46843209,70.01287427
-14.51107566,70.20827415
-14.55356886,70.40370717
-14.59593718,70.59916774
-14.63820615,70.79465030
-14.68040126,70.99014925
-14.72254803,71.18565902
-14.76467197,71.38117401
-14.80679859,71.57668865
-14.84895334,71.77219736
-14.89115879,71.96769516
-14.93343263,72.16317809
-14.97579211,72.35864226
-15.01825446,72.55408377
-15.06083694,72.74949877
-15.10355679,72.94488335
-15.14643126,73.14023363
-15.18947758,73.33554574
-15.23271301,73.53081579
-15.27615479,73.72603989
-15.31981600,73.92121510
-15.36367308,74.11634666
-15.40768335,74.31144410
-15.45180400,74.50651697
-15.49599219,74.70157484
-15.54020511,74.89662726
-15.58439992,75.09168379
-15.62853380,75.28675399
-15.67256393,75.48184742
-15.71644748,75.67697363
-15.76014163,75.87214219
-15.80361389,76.06736031
-15.84686724,76.26262720
-15.88991226,76.45794034
-15.93275950,76.65329723
-15.97541952,76.84869533
-16.01790290,77.04413216
-16.06022019,77.23960518
-16.10238197,77.43511188
-16.14439879,77.63064976
-16.18628122,77.82621630
-16.22804080,78.02180882
-16.26969304,78.21742398
-16.31125447,78.41305829
-16.35274161,78.60870822
-16.39417100,78.80437029
-16.43555915,79.00004097
-16.47692261,79.19571676
-16.51827790,79.39139415
-16.55964155,79.58706964
-16.60103008,79.78273972
-16.64245787,79.97840134
-16.68392329,80.17405492
-16.72541748,80.36970239
-16.76693156,80.56534572
-16.80845663,80.76098688
-16.84998382,80.95662783
-16.89150423,81.15227052
-16.93300898,81.34791692
-16.97448919,81.54356899
-17.01593595,81.73922869
-17.05734146,81.93489775
-17.09872041,82.13057293
-17.14010897,82.32624623
-17.18154420,82.52190950
-17.22306314,82.71755455
-17.26470282,82.91317320
-17.30650030,83.10875730
-17.34849261,83.30429865
-17.39071680,83.49978910
-17.43320990,83.69522046
-17.47600894,83.89058456
-17.51913021,84.08587783
-17.56253512,84.28110877
-17.60617604,84.47628793
-17.65000533,84.67142581
-17.69397538,84.86653296
-17.73803854,85.06161989
-17.78214720,85.25669713
-17.82625372,85.45177520
-17.87031048,85.64686462
-17.91426985,85.84197592
-17.95808749,86.03711889
-18.00174578,86.23229732
-18.04524009,86.42751208
-18.08856587,86.62276403
-18.13171859,86.81805402
-18.17469369,87.01338291
-18.21748664,87.20875156
-18.26009289,87.40416082
-18.30250790,87.59961154
-18.34472712,87.79510459
-18.38674678,87.99064065
-18.42858405,88.18621595
-18.47027900,88.38182186
-18.51187286,88.57744947
-18.55340687,88.77308988
-18.59492226,88.96873420
-18.63646028,89.16437353
-18.67806215,89.35999898
-18.71976913,89.55560165
-18.76162243,89.75117264
-18.80366329,89.94670306
-18.84591795,90.14218726
-18.88836985,90.33762883
-18.93099480,90.53303302
-18.97376861,90.72840508
-19.01666709,90.92375024
-19.05966605,91.11907377
-19.10274132,91.31438090
-19.14586869,91.50967688
-19.18902399,91.70496696
-19.23218303,91.90025638
-19.27532538,92.09554956
-19.31846169,92.29084402
-19.36161782,92.48613393
-19.40481977,92.68141339
-19.44809352,92.87667656
-19.49146507,93.07191754
-19.53496040,93.26713048
-19.57860550,93.46230950
-19.62242635,93.65744873
-19.66644896,93.85254229
-19.71069848,94.04758450
-19.75517912,94.24257438
-19.79987284,94.43751591
-19.84476052,94.63241336
-19.88982307,94.82727095
-19.93504137,95.02209293
-19.98039630,95.21688354
-20.02586878,95.41164703
-20.07143967,95.60638763
-20.11708988,95.80110958
-20.16280032,95.99581712
-20.20855555,96.19051373
-20.25434760,96.38520133
-20.30016938,96.57988164
-20.34601384,96.77455638
-20.39187390,96.96922730
-20.43774247,97.16389612
-20.48361250,97.35856456
-20.52947692,97.55323436
-20.57532863,97.74790725
-20.62116059,97.94258494
-20.66696414,98.13726952
-20.71272520,98.33196422
-20.75842853,98.52667254
-20.80405889,98.72139798
-20.84960101,98.91614404
-20.89503965,99.11091421
-20.94035957,99.30571199
-20.98554550,99.50054088
-21.03058221,99.69540437
-21.07545445,99.89030597
-21.12014908,100.08524864
-21.16466208,100.28023310
-21.20899185,100.47525945
-21.25313678,100.67032779
-21.29709528,100.86543824
-21.34086573,101.06059090
-21.38444655,101.25578589
-21.42783613,101.45102329
-21.47103287,101.64630324
-21.51403518,101.84162582
-21.55684371,102.03699067
-21.59947899,102.23239325
-21.64197178,102.42782687
-21.68435295,102.62328482
-21.72665334,102.81876037
-21.76890381,103.01424682
-21.81113521,103.20973747
-21.85337840,103.40522558
-21.89566423,103.60070446
-21.93802355,103.79616739
-21.98048723,103.99160766
-22.02307708,104.18702051
-22.06577416,104.38241005
-22.10854805,104.57778287
-22.15136831,104.77314556
-22.19420449,104.96850473
-22.23702618,105.16386697
-22.27980292,105.35923887
-22.32250429,105.55462703
-22.36509985,105.75003804
-22.40755917,105.94547850
-22.44985325,106.14095470
-22.49197799,106.33646751
-22.53395032,106.53201327
-22.57578779,106.72758815
-22.61750796,106.92318836
-22.65912842,107.11881006
-22.70066671,107.31444945
-22.74214040,107.51010271
-22.78356707,107.70576603
-22.82496427,107.90143559
-22.86634957,108.09710758
-22.90773892,108.29277854
-22.94913637,108.48844761
-22.99054060,108.68411508
-23.03195029,108.87978127
-23.07336413,109.07544648
-23.11478078,109.27111102
-23.15619893,109.46677520
-23.19761724,109.66243932
-23.23903440,109.85810369
-23.28044908,110.05376862
-23.32185996,110.24943441
-23.36326755,110.44510098
-23.40467862,110.64076688
-23.44610128,110.83643036
-23.48754365,111.03208968
-23.52901384,111.22774311
-23.57051996,111.42338890
-23.61207012,111.61902532
-23.65367243,111.81465061
-23.69533501,112.01026305
-23.73706597,112.20586089
-23.77887326,112.40144242
-23.82075570,112.59700790
-23.86269851,112.79256048
-23.90468576,112.98810355
-23.94670152,113.18364053
-23.98872986,113.37917481
-24.03075486,113.57470979
-24.07276060,113.77024888
-24.11473114,113.96579547
-24.15665057,114.16135297
-24.19850296,114.35692477
-24.24027419,114.55251390
-24.28196553,114.74812007
-24.32358609,114.94374135
-24.36514504,115.13937578
-24.40665152,115.33502141
-24.44811471,115.53067628
-24.48954377,115.72633843
-24.53094785,115.92200591
-24.57233611,116.11767676
-24.61371773,116.31334903
-24.65510185,116.50902076
-24.69649611,116.70469033
-24.73790425,116.90035693
-24.77932944,117.09601990
-24.82077482,117.29167855
-24.86224356,117.48733222
-24.90373880,117.68298024
-24.94526370,117.87862192
-24.98682142,118.07425661
-25.02841510,118.26988363
-25.07004791,118.46550230
-25.11172264,118.66111203
-25.15343629,118.85671346
-25.19518110,119.05230826
-25.23694918,119.24789812
-25.27873262,119.44348472
-25.32052353,119.63906976
-25.36231401,119.83465493
-25.40409616,120.03024193
-25.44586208,120.22583243
-25.48760388,120.42142815
-25.52931365,120.61703076
-25.57098776,120.81264105
-25.61263913,121.00825622
-25.65428471,121.20387263
-25.69594145,121.39948662
-25.73762629,121.59509455
-25.77935618,121.79069277
-25.82114807,121.98627762
-25.86301892,122.18184545
-25.90498566,122.37739262
-25.94706525,122.57291546
-25.98927406,122.76841046
-26.03161623,122.96387670
-26.07408415,123.15931578
-26.11666971,123.35472939
-26.15936484,123.55011924
-26.20216144,123.74548703
-26.24505142,123.94083444
-26.28802668,124.13616319
-26.33107914,124.33147497
-26.37420070,124.52677148
-26.41738327,124.72205442
-26.46061937,124.91732538
-26.50390344,125.11258559
-26.54723035,125.30783621
-26.59059494,125.50307840
-26.63399206,125.69831331
-26.67741658,125.89354210
-26.72086335,126.08876594
-26.76432721,126.28398599
-26.80780303,126.47920339
-26.85128565,126.67441931
-26.89476980,126.86963494
-26.93824893,127.06485173
-26.98171584,127.26007125
-27.02516335,127.45529510
-27.06858424,127.65052485
-27.11197132,127.84576211
-27.15531738,128.04100844
-27.19861523,128.23626544
-27.24185766,128.43153469
-27.28503747,128.62681778
-27.32814770,128.82211623
-27.37118766,129.01743021
-27.41416327,129.21275838
-27.45708074,129.40809936
-27.49994632,129.60345177
-27.54276625,129.79881422
-27.58554674,129.99418532
-27.62829404,130.18956369
-27.67101438,130.38494794
-27.71371399,130.58033668
-27.75639910,130.77572854
-27.79907554,130.97112221
-27.84174861,131.16651659
-27.88442352,131.36191054
-27.92710552,131.55730294
-27.96979984,131.75269268
-28.01251171,131.94807864
-28.05524637,132.14345970
-28.09800905,132.33883474
-28.14080499,132.53420263
-28.18363934,132.72956228
-28.22650865,132.92491444
-28.26939308,133.12026337
-28.31227096,133.31561374
-28.35512063,133.51097021
-28.39792039,133.70633745
-28.44064859,133.90172012
-28.48328355,134.09712288
-28.52580360,134.29255041
-28.56818706,134.48800735
-28.61041227,134.68349839
-28.65245973,134.87902770
-28.69433240,135.07459464
-28.73604632,135.27019572
-28.77761775,135.46582740
-28.81906290,135.66148617
-28.86039803,135.85716849
-28.90163935,136.05287084
-28.94280312,136.24858969
-28.98390555,136.44432152
-29.02496288,136.64006279
-29.06599135,136.83580999
-29.10700323,137.03156045
-29.14800089,137.22731369
-29.18898515,137.42306956
-29.22995683,137.61882793
-29.27091675,137.81458864
-29.31186574,138.01035156
-29.35280462,138.20611653
-29.39373422,138.40188340
-29.43465535,138.59765205
-29.47556884,138.79342231
-29.51647540,138.98919407
-29.55737498,139.18496734
-29.59826721,139.38074219
-29.63915171,139.57651870
-29.68002811,139.77229694
-29.72089603,139.96807698
-29.76175510,140.16385889
-29.80260493,140.35964276
-29.84344515,140.55542865
-29.88427539,140.75121664
-29.92509557,140.94700673
-29.96591031,141.14279797
-30.00672793,141.33858859
-30.04755686,141.53437683
-30.08840555,141.73016093
-30.12928241,141.92593910
-30.17019589,142.12170959
-30.21115442,142.31747062
-30.25216642,142.51322043
-30.29324033,142.70895724
-30.33438433,142.90467934
-30.37560059,143.10038626
-30.41688533,143.29607879
-30.45823451,143.49175775
-30.49964411,143.68742397
-30.54111008,143.88307829
-30.58262840,144.07872154
-30.62419502,144.27435454
-30.66580592,144.46997814
-30.70745705,144.66559315
-30.74914439,144.86120041
-30.79086468,145.05680060
-30.83261747,145.25239381
-30.87440294,145.44798001
-30.91622124,145.64355917
-30.95807255,145.83913128
-30.99995704,146.03469630
-31.04187487,146.23025420
-31.08382621,146.42580497
-31.12581123,146.62134856
-31.16783010,146.81688496
-31.20988336,147.01241406
-31.25197601,147.20793474
-31.29411606,147.40344523
-31.33631153,147.59894374
-31.37857044,147.79442849
-31.42090085,147.98989769
-31.46331077,148.18534956
-31.50580825,148.38078231
-31.54840131,148.57619415
-31.59109799,148.77158331
-31.63390556,148.96694816
-31.67681623,149.16229040
-31.71980831,149.35761480
-31.76285963,149.55292623
-31.80594800,149.74822957
-31.84905124,149.94352968
-31.89214716,150.13883145
-31.93521358,150.33413975
-31.97822832,150.52945945
-32.02116918,150.72479543
-32.06401400,150.92015256
-32.10675231,151.11553312
-32.14940729,151.31093201
-32.19200808,151.50634279
-32.23458384,151.70175902
-32.27716373,151.89717425
-32.31977690,152.09258207
-32.36245250,152.28797603
-32.40521970,152.48334969
-32.44810764,152.67869662
-32.49114548,152.87401037
-32.53436027,153.06928499
-32.57775243,153.26452037
-32.62130429,153.45972039
-32.66499780,153.65488903
-32.70881491,153.85003025
-32.75273759,154.04514804
-32.79674779,154.24024634
-32.84082746,154.43532915
-32.88495857,154.63040042
-32.92912308,154.82546413
-32.97330303,155.02052422
-33.01748459,155.21558377
-33.06165955,155.41064463
-33.10582009,155.60570859
-33.14995842,155.80077743
-33.19406672,155.99585292
-33.23813717,156.19093684
-33.28216197,156.38603098
-33.32613331,156.58113710
-33.37004338,156.77625699
-33.41388438,156.97139242
-33.45765248,157.16654427
-33.50135382,157.36171116
-33.54499603,157.55689136
-33.58858675,157.75208315
-33.63213365,157.94728481
-33.67564435,158.14249460
-33.71912651,158.33771081
-33.76258778,158.53293171
-33.80603579,158.72815558
-33.84947820,158.92338068
-33.89292144,159.11860558
-33.93636255,159.31383091
-33.97979422,159.50905830
-34.02320911,159.70428938
-34.06659987,159.89952579
-34.10995916,160.09476915
-34.15327963,160.29002109
-34.19655394,160.48528326
-34.23977475,160.68055727
-34.28293470,160.87584476
-34.32602651,161.07114736
-34.36904539,161.26646610
-34.41199069,161.46180108
-34.45486210,161.65715234
-34.49765934,161.85251988
-34.54038209,162.04790373
-34.58303007,162.24330390
-34.62560298,162.43872042
-34.66810052,162.63415331
-34.71052239,162.82960258
-34.75286830,163.02506825
-34.79513865,163.22055021
-34.83733923,163.41604718
-34.87947839,163.61155739
-34.92156447,163.80707905
-34.96360582,164.00261037
-35.00561081,164.19814956
-35.04758778,164.39369482
-35.08954508,164.58924438
-35.13149107,164.78479644
-35.17343410,164.98034921
-35.21538259,165.17590089
-35.25734690,165.37144923
-35.29933951,165.56699150
-35.34137301,165.76252494
-35.38345999,165.95804680
-35.42561302,166.15355433
-35.46784469,166.34904476
-35.51016759,166.54451534
-35.55259431,166.73996332
-35.59513742,166.93538595
-35.63780939,167.13078048
-35.68061566,167.32614572
-35.72355091,167.52148275
-35.76660897,167.71679287
-35.80978361,167.91207738
-35.85306865,168.10733755
-35.89645789,168.30257469
-35.93994511,168.49779008
-35.98352412,168.69298502
-36.02718873,168.88816080
-36.07093272,169.08331871
-36.11474863,169.27846036
-36.15862506,169.47358830
-36.20254985,169.66870529
-36.24651083,169.86381407
-36.29049586,170.05891740
-36.33449276,170.25401802
-36.37848939,170.44911869
-36.42247357,170.64422214
-36.46643316,170.83933114
-36.51035599,171.03444843
-36.55423055,171.22957661
-36.59805171,171.42471682
-36.64181784,171.61986941
-36.68552740,171.81503471
-36.72917881,172.01021304
-36.77277051,172.20540474
-36.81630094,172.40061013
-36.85976854,172.59582954
-36.90317173,172.79106331
-36.94650896,172.98631176
-36.98977873,173.18157520
-37.03298675,173.37685236
-37.07615247,173.57213889
-37.11929689,173.76743014
-37.16244098,173.96272141
-37.20560576,174.15800805
-37.24881219,174.35328537
-37.29208128,174.54854871
-37.33543401,174.74379339
-37.37889138,174.93901473
-37.42247437,175.13420807
-37.46620167,175.32936924
-37.51006044,175.52450111
-37.55401510,175.71961159
-37.59802955,175.91470873
-37.64206770,176.10980055
-37.68609344,176.30489511
-37.73007069,176.50000043
-37.77396335,176.69512455
-37.81773532,176.89027552
-37.86135051,177.08546136
-37.90477385,177.28068989
-37.94799425,177.47596353
-37.99102492,177.67127928
-38.03388009,177.86663389
-38.07657402,178.06202411
-38.11912096,178.25744669
-38.16153517,178.45289839
-38.20383089,178.64837596
-38.24602239,178.84387615
-38.28812390,179.03939572
-38.33014965,179.23493142
-38.37210997,179.43048092
-38.41400825,179.62604350
-38.45584711,179.82161860
-38.49762922,180.01720568
-38.53935722,180.21280417
-38.58103375,180.40841353
-38.62266146,180.60403321
-38.66424301,180.79966265
-38.70578102,180.99530130
-38.74727816,181.19094861
-38.78873776,181.38660388
-38.83016665,181.58226567
-38.87157276,181.77793233
-38.91296401,181.97360219
-38.95434832,182.16927358
-38.99573362,182.36494484
-39.03712782,182.56061430
-39.07853886,182.75628030
-39.11997466,182.95194118
-39.16144313,183.14759528
-39.20295226,183.34324091
-39.24451147,183.53887603
-39.28613188,183.73449818
-39.32782470,183.93010488
-39.36960113,184.12569363
-39.41147239,184.32126196
-39.45344967,184.51680737
-39.49554419,184.71232739
-39.53776715,184.90781951
-39.58012977,185.10328127
-39.62264323,185.29871017
-39.66531428,185.49410470
-39.70812397,185.68946900
-39.75104432,185.88480918
-39.79404731,186.08013135
-39.83710494,186.27544162
-39.88018919,186.47074612
-39.92327206,186.66605096
-39.96632553,186.86136225
-40.00932159,187.05668611
-40.05223223,187.25202865
-40.09502950,187.44739599
-40.13769965,187.64279111
-40.18026373,187.83820941
-40.22274796,188.03364516
-40.26517856,188.22909262
-40.30758176,188.42454605
-40.34998378,188.61999971
-40.39241086,188.81544786
-40.43488921,189.01088476
-40.47744507,189.20630469
-40.52010465,189.40170189
-40.56289096,189.59707134
-40.60580169,189.79241354
-40.64882265,189.98773158
-40.69193958,190.18302858
-40.73513821,190.37830765
-40.77840428,190.57357191
-40.82172353,190.76882446
-40.86508169,190.96406842
-40.90846450,191.15930690
-40.95185770,191.35454302
-40.99524814,191.54977965
-41.03863494,191.74501697
-41.08202482,191.94025352
-41.12542459,192.13548781
-41.16884106,192.33071836
-41.21228105,192.52594367
-41.25575138,192.72116225
-41.29925886,192.91637261
-41.34281032,193.11157327
-41.38641256,193.30676274
-41.43007179,193.50193965
-41.47377930,193.69710594
-41.51751085,193.89226694
-41.56124148,194.08742814
-41.60494623,194.28259504
-41.64860016,194.47777313
-41.69217830,194.67296790
-41.73565570,194.86818485
-41.77900740,195.06342947
-41.82220845,195.25870725
-41.86523392,195.45402369
-41.90806936,195.64938194
-41.95072587,195.84477952
-41.99321839,196.04021310
-42.03556184,196.23567933
-42.07777117,196.43117489
-42.11986130,196.62669643
-42.16184716,196.82224061
-42.20374369,197.01780411
-42.24556582,197.21338358
-42.28732848,197.40897569
-42.32904641,197.60457716
-42.37073262,197.80018517
-42.41239921,197.99579716
-42.45405830,198.19141058
-42.49572197,198.38702285
-42.53740234,198.58263142
-42.57911150,198.77823373
-42.62086157,198.97382720
-42.66266464,199.16940930
-42.70453281,199.36497744
-42.74647809,199.56052909
-42.78850400,199.75606351
-42.83059900,199.95158318
-42.87275001,200.14709089
-42.91494393,200.34258943
-42.95716769,200.53808161
-42.99940821,200.73357022
-43.04165240,200.92905806
-43.08388717,201.12454792
-43.12609945,201.32004261
-43.16827616,201.51554491
-43.21040543,201.71105737
-43.25248340,201.90658082
-43.29450933,202.10211543
-43.33648250,202.29766137
-43.37840218,202.49321880
-43.42026764,202.68878788
-43.46207817,202.88436879
-43.50383304,203.07996169
-43.54553152,203.27556674
-43.58717289,203.47118411
-43.62875682,203.66681389
-43.67029461,203.86245363
-43.71181110,204.05809797
-43.75333183,204.25374136
-43.79488240,204.44937829
-43.83648835,204.64500323
-43.87817527,204.84061063
-43.91996873,205.03619497
-43.96189428,205.23175073
-44.00397751,205.42727237
-44.04624398,205.62275435
-44.08870765,205.81819367
-44.13134325,206.01359579
-44.17411717,206.20896800
-44.21699581,206.40431756
-44.25994559,206.59965176
-44.30293291,206.79497787
-44.34592417,206.99030316
-44.38888578,207.18563491
-44.43178414,207.38098040
-44.47458566,207.57634690
-44.51725921,207.77174115
-44.55980097,207.96716399
-44.60222417,208.16261256
-44.64454230,208.35808396
-44.68676883,208.55357528
-44.72891726,208.74908361
-44.77100107,208.94460605
-44.81303374,209.14013969
-44.85502875,209.33568161
-44.89699959,209.53122893
-44.93895981,209.72677870
-44.98092561,209.92232741
-45.02291697,210.11787063
-45.06495414,210.31340390
-45.10705738,210.50892276
-45.14924693,210.70442272
-45.19154306,210.89989932
-45.23396600,211.09534810
-45.27653602,211.29076457
-45.31927336,211.48614428
-45.36219828,211.68148275
-45.40532044,211.87677784
-45.44861174,212.07203575
-45.49203571,212.26726450
-45.53555587,212.46247215
-45.57913572,212.65766672
-45.62273880,212.85285625
-45.66632861,213.04804878
-45.70986868,213.24325235
-45.75332252,213.43847499
-45.79665366,213.63372474
-45.83982911,213.82900887
-45.88285542,214.02432592
-45.92576406,214.21966893
-45.96858686,214.41503086
-46.01135568,214.61040469
-46.05410235,214.80578336
-46.09685873,215.00115984
-46.13965667,215.19652709
-46.18252800,215.39187807
-46.22550457,215.58720575
-46.26861806,215.78250312
-46.31188267,215.97776704
-46.35528028,216.17300154
-46.39878932,216.36821138
-46.44238821,216.56340135
-46.48605536,216.75857623
-46.52976919,216.95374080
-46.57350811,217.14889984
-46.61725054,217.34405813
-46.66097489,217.53922046
-46.70465958,217.73439160
-46.74828666,217.92957553
-46.79186048,218.12477127
-46.83539388,218.31997597
-46.87889970,218.51518678
-46.92239079,218.71040083
-46.96588000,218.90561527
-47.00938017,219.10082723
-47.05290416,219.29603387
-47.09646481,219.49123232
-47.14007496,219.68641972
-47.18374740,219.88159324
-47.22749025,220.07675105
-47.27130463,220.27189286
-47.31519110,220.46701852
-47.35915019,220.66212786
-47.40318243,220.85722072
-47.44728837,221.05229695
-47.49146855,221.24735639
-47.53572351,221.44239888
-47.58005378,221.63742426
-47.62445991,221.83243237
-47.66894240,222.02742307
-47.71350125,222.22239631
-47.75813618,222.41735214
-47.80284689,222.61229060
-47.84763307,222.80721173
-47.89249444,223.00211558
-47.93743068,223.19700218
-47.98244151,223.39187158
-48.02752661,223.58672381
-48.07268570,223.78155892
-48.11791847,223.97637695
-48.16322264,224.17117841
-48.20858444,224.36596647
-48.25398603,224.56074527
-48.29940954,224.75551894
-48.34483710,224.95029162
-48.39025087,225.14506744
-48.43563297,225.33985054
-48.48096555,225.53464505
-48.52623074,225.72945511
-48.57141069,225.92428486
-48.61649085,226.11913765
-48.66147724,226.31401213
-48.70638371,226.50890511
-48.75122414,226.70381339
-48.79601240,226.89873381
-48.84076235,227.09366317
-48.88548789,227.28859828
-48.93020286,227.48353597
-48.97492116,227.67847305
-49.01965665,227.87340632
-49.06442068,228.06833318
-49.10920204,228.26325614
-49.15397766,228.45818041
-49.19872437,228.65311120
-49.24341896,228.84805376
-49.28803828,229.04301331
-49.33255914,229.23799507
-49.37695835,229.43300429
-49.42121273,229.62804617
-49.46529911,229.82312597
-49.50919497,230.01824875
-49.55289408,230.21341586
-49.59640700,230.40862483
-49.63974507,230.60387298
-49.68291964,230.79915767
-49.72594205,230.99447622
-49.76882365,231.18982597
-49.81157577,231.38520427
-49.85420976,231.58060845
-49.89673696,231.77603584
-49.93916871,231.97148379
-49.98151649,232.16694966
-50.02379216,232.36243088
-50.06600767,232.55792492
-50.10817495,232.75342922
-50.15030595,232.94894124
-50.19241260,233.14445843
-50.23450684,233.33997825
-50.27660062,233.53549815
-50.31870588,233.73101558
-50.36083455,233.92652801
-50.40299783,234.12203303
-50.44519490,234.31753084
-50.48741530,234.51302366
-50.52964834,234.70851380
-50.57188328,234.90400355
-50.61410941,235.09949521
-50.65631601,235.29499106
-50.69849237,235.49049342
-50.74062776,235.68600456
-50.78271148,235.88152679
-50.82473280,236.07706240
-50.86668456,236.27261293
-50.90857411,236.46817680
-50.95041252,236.66375164
-50.99221087,236.85933509
-51.03398023,237.05492476
-51.07573165,237.25051830
-51.11747623,237.44611332
-51.15922502,237.64170746
-51.20098909,237.83729835
-51.24277953,238.03288362
-51.28460726,238.22846093
-51.32647490,238.42402970
-51.36837176,238.61959223
-51.41028592,238.81515105
-51.45220548,239.01070870
-51.49411852,239.20626771
-51.53601315,239.40183062
-51.57787744,239.59739998
-51.61969951,239.79297832
-51.66146744,239.98856818
-51.70316932,240.18417210
-51.74479367,240.37979252
-51.78633749,240.57543007
-51.82780553,240.77108375
-51.86920285,240.96675246
-51.91053450,241.16243511
-51.95180552,241.35813062
-51.99302098,241.55383790
-52.03418591,241.74955587
-52.07530538,241.94528344
-52.11638443,242.14101952
-52.15742812,242.33676304
-52.19844099,242.53251301
-52.23942156,242.72826971
-52.28036437,242.92403427
-52.32126387,243.11980784
-52.36211451,243.31559156
-52.40291076,243.51138657
-52.44364706,243.70719401
-52.48431789,243.90301502
-52.52491768,244.09885075
-52.56544091,244.29470233
-52.60588290,244.49057073
-52.64625245,244.68645412
-52.68656877,244.88234853
-52.72685136,245.07824992
-52.76711971,245.27415425
-52.80739331,245.47005748
-52.84769165,245.66595559
-52.88803423,245.86184453
-52.92844055,246.05772026
-52.96893009,246.25357876
-53.00952173,246.44941610
-53.05021971,246.64523141
-53.09101354,246.84102684
-53.13189209,247.03680468
-53.17284421,247.23256722
-53.21385876,247.42831675
-53.25492458,247.62405556
-53.29603056,247.81978594
-53.33716553,248.01551018
-53.37831835,248.21123057
-53.41947795,248.40694939
-53.46063713,248.60266814
-53.50179513,248.79838703
-53.54295178,248.99410616
-53.58410693,249.18982561
-53.62526040,249.38554550
-53.66641204,249.58126590
-53.70756167,249.77698691
-53.74870914,249.97270864
-53.78985427,250.16843116
-53.83099690,250.36415458
-53.87214060,250.55987817
-53.91330537,250.75559755
-53.95451581,250.95130734
-53.99579649,251.14700215
-54.03717198,251.34267661
-54.07866687,251.53832534
-54.12030573,251.73394294
-54.16211313,251.92952405
-54.20411367,252.12506327
-54.24633191,252.32055522
-54.28879136,252.51599476
-54.33149145,252.71138197
-54.37440769,252.90672217
-54.41751462,253.10202085
-54.46078674,253.29728354
-54.50419856,253.49251576
-54.54772460,253.68772302
-54.59133938,253.88291084
-54.63501740,254.07808474
-54.67873318,254.27325024
-54.72246124,254.46841284
-54.76617962,254.66357730
-54.80988957,254.85874332
-54.85360170,255.05390854
-54.89732662,255.24907062
-54.94107498,255.44422722
-54.98485738,255.63937597
-55.02868445,255.83451454
-55.07256683,256.02964057
-55.11651514,256.22475172
-55.16054000,256.41984564
-55.20465204,256.61491997
-55.24885551,256.80997379
-55.29313210,257.00501122
-55.33745855,257.20003749
-55.38181157,257.39505780
-55.42616790,257.59007740
-55.47050424,257.78510151
-55.51479734,257.98013534
-55.55902390,258.17518413
-55.60316066,258.37025309
-55.64718434,258.56534747
-55.69107169,258.76047246
-55.73481160,258.95563057
-55.77842521,259.15081705
-55.82193897,259.34602597
-55.86537931,259.54125138
-55.90877266,259.73648737
-55.95214546,259.93172798
-55.99552414,260.12696730
-56.03893513,260.32219939
-56.08240487,260.51741830
-56.12595979,260.71261812
-56.16961877,260.90779459
-56.21337674,261.10294887
-56.25722383,261.29808316
-56.30115021,261.49319966
-56.34514602,261.68830059
-56.38920142,261.88338816
-56.43330657,262.07846457
-56.47745161,262.27353203
-56.52162670,262.46859276
-56.56582199,262.66364896
-56.61002719,262.85870293
-56.65422993,263.05375746
-56.69841723,263.24881544
-56.74257612,263.44387979
-56.78669363,263.63895340
-56.83075677,263.83403919
-56.87475258,264.02914005
-56.91866807,264.22425890
-56.96249028,264.41939865
-57.00620624,264.61456218
-57.04980560,264.80975183
-57.09330068,265.00496484
-57.13671521,265.20019588
-57.18007305,265.39543964
-57.22339804,265.59069076
-57.26671404,265.78594391
-57.31004488,265.98119375
-57.35341442,266.17643495
-57.39684650,266.37166216
-57.44036497,266.56687006
-57.48399223,266.76205362
-57.52773218,266.95721196
-57.57157590,267.15234707
-57.61551420,267.34746096
-57.65953790,267.54255568
-57.70363782,267.73763327
-57.74780479,267.93269575
-57.79202961,268.12774516
-57.83630312,268.32278354
-57.88061613,268.51781292
-57.92495946,268.71283534
-57.96932405,268.90785284
-58.01370091,269.10286749
-58.05808106,269.29788133
-58.10245551,269.49289643
-58.14681527,269.68791485
-58.19115137,269.88293864
-58.23545482,270.07796987
-58.27971662,270.27301059
-58.32392781,270.46806285
-58.36807939,270.66312873
-58.41216282,270.85821015
-58.45617192,271.05330847
-58.50010137,271.24842479
-58.54394580,271.44356023
-58.58769988,271.63871592
-58.63135828,271.83389298
-58.67491563,272.02909253
-58.71836661,272.22431569
-58.76170586,272.41956357
-58.80492804,272.61483731
-58.84802782,272.81013801
-58.89100362,273.00546599
-58.93386511,273.20081909
-58.97662408,273.39619471
-59.01929231,273.59159026
-59.06188159,273.78700313
-59.10440370,273.98243073
-59.14687042,274.17787044
-59.18929352,274.37331967
-59.23168481,274.56877581
-59.27405605,274.76423627
-59.31641903,274.95969844
-59.35878563,275.15515973
-59.40116781,275.35061756
-59.44357757,275.54606933
-59.48602688,275.74151246
-59.52852774,275.93694437
-59.57109213,276.13236248
-59.61373204,276.32776419
-59.65645945,276.52314692
-59.69928635,276.71850808
-59.74222473,276.91384510
-59.78528164,277.10915644
-59.82843062,277.30444782
-59.87163119,277.49972796
-59.91484283,277.69500561
-59.95802501,277.89028950
-60.00113721,278.08558837
-60.04413891,278.28091097
-60.08698958,278.47626603
-60.12964870,278.67166229
-60.17207575,278.86710850
-60.21423079,279.06261325
-60.25610442,279.25817861
-60.29773180,279.45379700
-60.33915162,279.64946012
-60.38040256,279.84515965
-60.42152333,280.04088728
-60.46255261,280.23663469
-60.50352909,280.43239357
-60.54449146,280.62815561
-60.58547841,280.82391248
-60.62652864,281.01965589
-60.66767458,281.21537884
-60.70892212,281.41108008
-60.75027005,281.60675985
-60.79171720,281.80241838
-60.83326238,281.99805593
-60.87490440,282.19367274
-60.91664208,282.38926905
-60.95847422,282.58484511
-61.00039963,282.78040117
-61.04241715,282.97593746
-61.08452524,283.17145430
-61.12671967,283.36695258
-61.16899479,283.56243350
-61.21134498,283.75789825
-61.25376459,283.95334801
-61.29624797,284.14878399
-61.33878949,284.34420738
-61.38138352,284.53961935
-61.42402439,284.73502112
-61.46670649,284.93041387
-61.50942418,285.12579878
-61.55217223,285.32117699
-61.59494572,285.51654959
-61.63773975,285.71191766
-61.68054940,285.90728227
-61.72336977,286.10264451
-61.76619595,286.29800546
-61.80902303,286.49336621
-61.85184611,286.68872783
-61.89466027,286.88409141
-61.93746069,287.07945801
-61.98024680,287.27482776
-62.02302432,287.47019941
-62.06579948,287.66557158
-62.10857852,287.86094291
-62.15136767,288.05631203
-62.19417316,288.25167757
-62.23700122,288.44703817
-62.27985810,288.64239245
-62.32275001,288.83773904
-62.36568319,289.03307659
-62.40865988,289.22840459
-62.45166866,289.42372555
-62.49469523,289.61904261
-62.53772530,289.81435889
-62.58074457,290.00967753
-62.62373872,290.20500167
-62.66669347,290.40033443
-62.70959450,290.59567897
-62.75242752,290.79103839
-62.79517823,290.98641586
-62.83783421,291.18181407
-62.88040719,291.37723047
-62.92292562,291.57265883
-62.96541824,291.76809284
-63.00791381,291.96352620
-63.05044110,292.15895263
-63.09302886,292.35436581
-63.13570586,292.54975944
-63.17850085,292.74512723
-63.22144259,292.94046288
-63.26455979,293.13576010
-63.30786137,293.33101691
-63.35130659,293.52624222
-63.39484703,293.72144658
-63.43843429,293.91664057
-63.48201995,294.11183473
-63.52555560,294.30703965
-63.56899282,294.50226587
-63.61228321,294.69752398
-63.65537835,294.89282452
-63.69822982,295.08817807
-63.74079167,295.28359465
-63.78305977,295.47907516
-63.82506510,295.67461282
-63.86683978,295.87020061
-63.90841588,296.06583150
-63.94982550,296.26149849
-63.99110073,296.45719456
-64.03227366,296.65291268
-64.07337639,296.84864584
-64.11444100,297.04438701
-64.15549959,297.24012919
-64.19657903,297.43586649
-64.23767539,297.63159971
-64.27877342,297.82733213
-64.31985785,298.02306701
-64.36091343,298.21880764
-64.40192489,298.41455727
-64.44287696,298.61031918
-64.48375439,298.80609664
-64.52454191,299.00189292
-64.56522427,299.19771130
-64.60578620,299.39355504
-64.64622415,299.58942493
-64.68657025,299.78531420
-64.72686338,299.98121462
-64.76714242,300.17711799
-64.80744626,300.37301610
-64.84781379,300.56890073
-64.88828388,300.76476367
-64.92889542,300.96059671
-64.96968729,301.15639163
-65.01069839,301.35214023
-65.05196749,301.54783430
-65.09351087,301.74347043
-65.13529345,301.93905603
-65.17727306,302.13460003
-65.21940753,302.33011137
-65.26165468,302.52559895
-65.30397235,302.72107172
-65.34631835,302.91653860
-65.38865051,303.11200852
-65.43092666,303.30749040
-65.47310464,303.50299317
-65.51515687,303.69852266
-65.55709609,303.89407617
-65.59894198,304.08964951
-65.64071421,304.28523852
-65.68243243,304.48083902
-65.72411633,304.67644683
-65.76578557,304.87205778
-65.80745981,305.06766769
-65.84915874,305.26327239
-65.89090201,305.45886770
-65.93270715,305.65444990
-65.97458224,305.85001720
-66.01653276,306.04556837
-66.05856419,306.24110217
-66.10068202,306.43661736
-66.14289172,306.63211271
-66.18519877,306.82758697
-66.22760866,307.02303891
-66.27012687,307.21846729
-66.31275888,307.41387087
-66.35550816,307.60924885
-66.39835878,307.80460469
-66.44128397,307.99994423
-66.48425686,308.19527331
-66.52725055,308.39059780
-66.57023817,308.58592355
-66.61319282,308.78125643
-66.65608762,308.97660228
-66.69889568,309.17196698
-66.74159013,309.36735637
-66.78414459,309.56277620
-66.82655341,309.75822771
-66.86883839,309.95370617
-66.91102319,310.14920645
-66.95313149,310.34472341
-66.99518694,310.54025190
-67.03721323,310.73578680
-67.07923401,310.93132296
-67.12127296,311.12685526
-67.16335375,311.32237854
-67.20550004,311.51788769
-67.24772854,311.71337905
-67.29002608,311.90885547
-67.33237150,312.10432151
-67.37474362,312.29978172
-67.41712129,312.49524066
-67.45948333,312.69070290
-67.50180858,312.88617299
-67.54407589,313.08165550
-67.58626407,313.27715499
-67.62835196,313.47267601
-67.67031918,313.66822296
-67.71216218,313.86379659
-67.75389366,314.05939417
-67.79552702,314.25501279
-67.83707563,314.45064958
-67.87855286,314.64630163
-67.91997211,314.84196605
-67.96134675,315.03763996
-68.00269016,315.23332046
-68.04401572,315.42900467
-68.08533681,315.62468968
-68.12666365,315.82037330
-68.16799415,316.01605600
-68.20932318,316.21173892
-68.25064563,316.40742319
-68.29195638,316.60310994
-68.33325032,316.79880030
-68.37452233,316.99449542
-68.41576729,317.19019642
-68.45698008,317.38590443
-68.49815559,317.58162059
-68.53928901,317.77734597
-68.58038883,317.97307874
-68.62148177,318.16881311
-68.66259584,318.36454302
-68.70375909,318.56026240
-68.74499953,318.75596518
-68.78634519,318.95164528
-68.82782410,319.14729664
-68.86946428,319.34291319
-68.91129377,319.53848886
-68.95334058,319.73401758
-68.99562842,319.92949421
-69.03813682,320.12492322
-69.08081960,320.32031463
-69.12363023,320.51567856
-69.16652219,320.71102512
-69.20944896,320.90636441
-69.25236403,321.10170653
-69.29522087,321.29706161
-69.33797297,321.49243974
-69.38057379,321.68785104
-69.42297684,321.88330561
-69.46515525,322.07880926
-69.50715335,322.27435219
-69.54903155,322.46992113
-69.59085022,322.66550277
-69.63266977,322.86108381
-69.67455059,323.05665095
-69.71655308,323.25219091
-69.75873763,323.44769038
-69.80116463,323.64313606
-69.84389449,323.83851465
-69.88698631,324.03381316
-69.93045158,324.22902908
-69.97424103,324.42417339
-70.01830147,324.61925791
-70.06257973,324.81429445
-70.10702260,325.00929485
-70.15157689,325.20427093
-70.19618942,325.39923452
-70.24080700,325.59419744
-70.28537643,325.78917151
-70.32984452,325.98416857
-70.37416326,326.17919927
-70.41831646,326.37426708
-70.46230007,326.56937277
-70.50611003,326.76451707
-70.54974231,326.95970072
-70.59319286,327.15492448
-70.63645764,327.35018907
-70.67953261,327.54549525
-70.72241372,327.74084376
-70.76509693,327.93623534
-70.80757835,328.13167070
-70.84986373,328.32714852
-70.89197371,328.52266434
-70.93393024,328.71821340
-70.97575524,328.91379096
-71.01747065,329.10939229
-71.05909840,329.30501264
-71.10066044,329.50064727
-71.14217870,329.69629144
-71.18367511,329.89194041
-71.22517162,330.08758943
-71.26668922,330.28323395
-71.30824380,330.47887053
-71.34984945,330.67449610
-71.39152025,330.87010756
-71.43327031,331.06570186
-71.47511371,331.26127592
-71.51706454,331.45682665
-71.55913689,331.65235099
-71.60134486,331.84784587
-71.64370254,332.04330820
-71.68622332,332.23873506
-71.72890349,332.43412727
-71.77172157,332.62948949
-71.81465530,332.82482658
-71.85768239,333.02014340
-71.90078056,333.21544479
-71.94392751,333.41073561
-71.98710098,333.60602071
-72.03027867,333.80130495
-72.07343831,333.99659318
-72.11655761,334.19189026
-72.15962273,334.38719919
-72.20264476,334.58251751
-72.24563942,334.77784177
-72.28862240,334.97316850
-72.33160941,335.16849425
-72.37461616,335.36381553
-72.41765834,335.55912891
-72.46075167,335.75443090
-72.50391185,335.94971806
-72.54715457,336.14498692
-72.59049333,336.34023450
-72.63392214,336.53546215
-72.67742498,336.73067341
-72.72098573,336.92587186
-72.76458826,337.12106108
-72.80821646,337.31624465
-72.85185420,337.51142613
-72.89548537,337.70660911
-72.93909385,337.90179717
-72.98266351,338.09699387
-73.02617850,338.29220273
-73.06963031,338.48742565
-73.11301868,338.68266265
-73.15634376,338.87791369
-73.19960573,339.07317871
-73.24280476,339.26845767
-73.28594101,339.46375050
-73.32901464,339.65905716
-73.37202583,339.85437760
-73.41497474,340.04971176
-73.45786158,340.24505957
-73.50069197,340.44041980
-73.54348211,340.63578887
-73.58624942,340.83116294
-73.62901134,341.02653816
-73.67178530,341.22191071
-73.71458872,341.41727673
-73.75743904,341.61263239
-73.80035368,341.80797385
-73.84335008,342.00329726
-73.88644566,342.19859879
-73.92965333,342.39387559
-73.97297030,342.58912823
-74.01639039,342.78435806
-74.05990743,342.97956640
-74.10351522,343.17475459
-74.14720759,343.36992395
-74.19097836,343.56507581
-74.23482134,343.76021150
-74.27873035,343.95533236
-74.32269922,344.15043972
-74.36671956,344.34553540
-74.41077191,344.54062379
-74.45483331,344.73571006
-74.49888082,344.93079939
-74.54289149,345.12589696
-74.58684235,345.32100794
-74.63071047,345.51613752
-74.67447289,345.71129087
-74.71810666,345.90647316
-74.76158883,346.10168958
-74.80490363,346.29694367
-74.84808270,346.49222829
-74.89117693,346.68753193
-74.93423725,346.88284306
-74.97731461,347.07815018
-75.02045995,347.27344177
-75.06372419,347.46870631
-75.10715829,347.66393228
-75.15081317,347.85910817
-75.19473979,348.05422246
-75.23898212,348.24926521
-75.28352391,348.44424012
-75.32831798,348.63915792
-75.37331689,348.83402937
-75.41847321,349.02886525
-75.46373951,349.22367633
-75.50906834,349.41847338
-75.55441228,349.61326718
-75.59972389,349.80806849
-75.64495574,350.00288809
-75.69006057,350.19773671
-75.73501282,350.39262014
-75.77982820,350.58753480
-75.82452706,350.78247603
-75.86912976,350.97743919
-75.91365667,351.17241961
-75.95812814,351.36741265
-76.00256453,351.56241366
-76.04698619,351.75741799
-76.09141349,351.95242099
-76.13586679,352.14741800
-76.18036630,352.34240440
-76.22492458,352.53737734
-76.26954222,352.73233670
-76.31421876,352.92728258
-76.35895378,353.12221511
-76.40374681,353.31713441
-76.44859743,353.51204058
-76.49350518,353.70693375
-76.53846962,353.90181404
-76.58349031,354.09668155
-76.62856681,354.29153640
-76.67369805,354.48637886
-76.71886979,354.68121215
-76.76405511,354.87604237
-76.80922656,355.07087573
-76.85435670,355.26571845
-76.89941810,355.46057674
-76.94438332,355.65545680
-76.98922491,355.85036486
-77.03391544,356.04530712
-77.07842747,356.24028980
-77.12273356,356.43531910
-77.16681035,356.63040033
-77.21067071,356.82553056
-77.25434647,357.02070259
-77.29786960,357.21590920
-77.34127209,357.41114313
-77.38458593,357.60639717
-77.42784310,357.80166406
-77.47107557,357.99693657
-77.51431535,358.19220747
-77.55759440,358.38746952
-77.60094472,358.58271547
-77.64439081,358.77793980
-77.68793204,358.97314267
-77.73156253,359.16832545
-77.77527638,359.36348949
-77.81906769,359.55863617
-77.86293058,359.75376684
-77.90685915,359.94888288
-77.95084750,360.14398565
-77.99488975,360.33907651
-78.03897999,360.53415682
-78.08311215,360.72922800
-78.12727160,360.92429330
-78.17143199,361.11935851
-78.21556615,361.31442960
-78.25964687,361.50951256
-78.30364696,361.70461335
-78.34753924,361.89973797
-78.39129651,362.09489237
-78.43489158,362.29008254
-78.47829726,362.48531446
-78.52148636,362.68059410
-78.56443566,362.87592655
-78.60715473,363.07130971
-78.64966925,363.26673787
-78.69200501,363.46220536
-78.73418780,363.65770645
-78.77624341,363.85323544
-78.81819764,364.04878664
-78.86007626,364.24435434
-78.90190508,364.43993284
-78.94370989,364.63551643
-78.98551644,364.83109942
-79.02734277,365.02667783
-79.06918892,365.22225167
-79.11105239,365.41782153
-79.15293069,365.61338797
-79.19482132,365.80895160
-79.23672176,366.00451297
-79.27862954,366.20007268
-79.32054214,366.39563130
-79.36245707,366.59118942
-79.40437183,366.78674761
-79.44628395,366.98230644
-79.48819149,367.17786635
-79.53009286,367.37342766
-79.57198645,367.56899070
-79.61387070,367.76455580
-79.65574399,367.96012330
-79.69760476,368.15569351
-79.73945140,368.35126677
-79.78128233,368.54684342
-79.82309596,368.74242377
-79.86489069,368.93800815
-79.90666392,369.13359713
-79.94841054,369.32919177
-79.99012504,369.52479323
-80.03180195,369.72040269
-80.07343576,369.91602130
-80.11502100,370.11165022
-80.15655216,370.30729062
-80.19802375,370.50294365
-80.23943030,370.69861049
-80.28076630,370.89429228
-80.32202813,371.08998980
-80.36322846,371.28570035
-80.40438835,371.48141946
-80.44552892,371.67714265
-80.48667130,371.87286541
-80.52783662,372.06858328
-80.56904601,372.26429174
-80.61032060,372.45998633
-80.65168151,372.65566254
-80.69314988,372.85131590
-80.73474640,373.04694199
-80.77647696,373.24253958
-80.81832912,373.43811129
-80.86028929,373.63365999
-80.90234391,373.82918857
-80.94447939,374.02469989
-80.98668217,374.22019682
-81.02893866,374.41568225
-81.07123528,374.61115905
-81.11355847,374.80663009
-81.15589468,375.00209823
-81.19823553,375.19756525
-81.24058346,375.39303064
-81.28294228,375.58849357
-81.32531577,375.78395325
-81.36770775,375.97940887
-81.41012201,376.17485962
-81.45256234,376.37030469
-81.49503255,376.56574327
-81.53753644,376.76117456
-81.58007780,376.95659775
-81.62266001,377.15201212
-81.66528505,377.34741720
-81.70795467,377.54281259
-81.75067056,377.73819788
-81.79343445,377.93357266
-81.83624806,378.12893653
-81.87911311,378.32428908
-81.92203131,378.51962990
-81.96500439,378.71495859
-82.00803406,378.91027474
-82.05112116,379.10557814
-82.09426013,379.30087003
-82.13744257,379.49615230
-82.18066009,379.69142684
-82.22390427,379.88669552
-82.26716672,380.08196024
-82.31043902,380.27722287
-82.35371278,380.47248531
-82.39697960,380.66774944
-82.44023106,380.86301715
-82.48345877,381.05829032
-82.52665830,381.25356993
-82.56984453,381.44885262
-82.61303818,381.64413369
-82.65626000,381.83940843
-82.69953070,382.03467215
-82.74287104,382.22992015
-82.78630173,382.42514773
-82.82984351,382.62035019
-82.87351711,382.81552284
-82.91734327,383.01066097
-82.96134269,383.20575990
-83.00552431,383.40081760
-83.04986713,383.59583887
-83.09434538,383.79082957
-83.13893333,383.98579555
-83.18360523,384.18074269
-83.22833535,384.37567685
-83.27309794,384.57060388
-83.31786726,384.76552966
-83.36261757,384.96046004
-83.40732312,385.15540089
-83.45195961,385.35035775
-83.49653012,385.54532980
-83.54106237,385.74031060
-83.58558492,385.93529344
-83.63012635,386.13027167
-83.67471524,386.32523861
-83.71938016,386.52018757
-83.76414970,386.71511188
-83.80905243,386.91000486
-83.85411692,387.10485985
-83.89937175,387.29967015
-83.94483550,387.49443148
-83.99048922,387.68914839
-84.03630524,387.88382753
-84.08225587,388.07847556
-84.12831341,388.27309911
-84.17445018,388.46770484
-84.22063849,388.66229939
-84.26685065,388.85688942
-84.31305896,389.05148155
-84.35923575,389.24608245
-84.40535234,389.44069892
-84.45137233,389.63533899
-84.49725572,389.83001129
-84.54296243,390.02472445
-84.58845241,390.21948709
-84.63368563,390.41430784
-84.67862201,390.60919533
-84.72322152,390.80415818
-84.76744409,390.99920502
-84.81124968,391.19434447
-84.85459844,391.38958513
-84.89748310,391.58492844
-84.93996417,391.78036106
-84.98211063,391.97586778
-85.02399142,392.17143340
-85.06567553,392.36704272
-85.10723191,392.56268053
-85.14872952,392.75833164
-85.19023733,392.95398084
-85.23182431,393.14961292
-85.27355942,393.34521269
-85.31550000,393.54076751
-85.35764368,393.73627786
-85.39996907,393.93174843
-85.44245471,394.12718393
-85.48507919,394.32258903
-85.52782108,394.51796843
-85.57065893,394.71332682
-85.61357132,394.90866889
-85.65653682,395.10399933
-85.69953400,395.29932285
