-91.33481474,401.82726052
-91.27988417,401.63492710
-91.22503610,401.44257187
-91.17035305,401.25017306
-91.11591753,401.05770887
-91.06181204,400.86515750
-91.00811910,400.67249716
-90.95492120,400.47970605
-90.90230087,400.28676238
-90.85034060,400.09364437
-90.79912291,399.90033020
-90.74871681,399.70680176
-90.69909817,399.51306621
-90.65020354,399.31914140
-90.60196936,399.12504521
-90.55433204,398.93079552
-90.50722802,398.73641021
-90.46059372,398.54190717
-90.41436556,398.34730426
-90.36847998,398.15261939
-90.32287338,397.95787042
-90.27748339,397.76307483
-90.23226543,397.56824394
-90.18718860,397.37338433
-90.14222236,397.17850248
-90.09733617,396.98360484
-90.05249948,396.78869789
-90.00768175,396.59378808
-89.96285245,396.39888190
-89.91798102,396.20398580
-89.87303693,396.00910626
-89.82799012,395.81424962
-89.78283125,395.61941776
-89.73757934,395.42460638
-89.69225547,395.22981072
-89.64688068,395.03502606
-89.60147605,394.84024764
-89.55606264,394.64547072
-89.51066151,394.45069057
-89.46529373,394.25590244
-89.41998035,394.06110158
-89.37474244,393.86628326
-89.32959800,393.67144343
-89.28455454,393.47658045
-89.23961738,393.28169317
-89.19479180,393.08678046
-89.15008310,392.89184117
-89.10549659,392.69687417
-89.06103756,392.50187832
-89.01671131,392.30685247
-88.97252313,392.11179550
-88.92847833,391.91670625
-88.88458137,391.72158377
-88.84082770,391.52642911
-88.79720722,391.33124452
-88.75370976,391.13603230
-88.71032515,390.94079472
-88.66704322,390.74553407
-88.62385379,390.55025263
-88.58074669,390.35495267
-88.53771175,390.15963650
-88.49473880,389.96430638
-88.45181788,389.76896455
-88.40895041,389.57361082
-88.36615419,389.37824148
-88.32344828,389.18285256
-88.28085176,388.98744007
-88.23838371,388.79200004
-88.19606321,388.59652849
-88.15390933,388.40102144
-88.11194114,388.20547491
-88.07017772,388.00988492
-88.02863816,387.81424750
-87.98733573,387.61855989
-87.94625515,387.42282537
-87.90537228,387.22704907
-87.86466301,387.03123613
-87.82410322,386.83539171
-87.78366877,386.63952093
-87.74333555,386.44362894
-87.70307944,386.24772089
-87.66287630,386.05180190
-87.62270202,385.85587712
-87.58253454,385.65995126
-87.54236678,385.46402577
-87.50219833,385.26810070
-87.46202878,385.07217609
-87.42185773,384.87625197
-87.38168480,384.68032839
-87.34150957,384.48440537
-87.30133165,384.28848296
-87.26115064,384.09256119
-87.22096614,383.89664009
-87.18077771,383.70071972
-87.14058316,383.50480050
-87.10037805,383.30888337
-87.06015781,383.11296927
-87.01991784,382.91705919
-86.97965355,382.72115406
-86.93936038,382.52525487
-86.89903372,382.32936255
-86.85866900,382.13347809
-86.81826163,381.93760243
-86.77780703,381.74173654
-86.73730080,381.54588135
-86.69674032,381.35003739
-86.65612395,381.15420502
-86.61545004,380.95838460
-86.57471694,380.76257648
-86.53392301,380.56678100
-86.49306661,380.37099852
-86.45214608,380.17522938
-86.41115978,379.97947394
-86.37010608,379.78373255
-86.32898326,379.58800557
-86.28778790,379.39229377
-86.24651444,379.19659839
-86.20515723,379.00092070
-86.16371059,378.80526198
-86.12216887,378.60962350
-86.08052640,378.41400655
-86.03877753,378.21841238
-85.99691657,378.02284228
-85.95493788,377.82729753
-85.91283580,377.63177939
-85.87060977,377.43628801
-85.82827148,377.24082090
-85.78583442,377.04537513
-85.74331211,376.84994779
-85.70071803,376.65453598
-85.65806569,376.45913677
-85.61536858,376.26374727
-85.57264021,376.06836455
-85.52989408,375.87298570
-85.48714368,375.67760782
-85.44440154,375.48222820
-85.40167210,375.28684588
-85.35895572,375.09146076
-85.31625277,374.89607276
-85.27356361,374.70068179
-85.23088859,374.50528777
-85.18822806,374.30989060
-85.14558239,374.11449020
-85.10295192,373.91908647
-85.06033701,373.72367935
-85.01773803,373.52826872
-84.97515586,373.33285441
-84.93259273,373.13743592
-84.89005109,372.94201274
-84.84753335,372.74658434
-84.80504196,372.55115021
-84.76257934,372.35570984
-84.72014793,372.16026269
-84.67775015,371.96480824
-84.63538845,371.76934599
-84.59306524,371.57387540
-84.55078294,371.37839597
-84.50854256,371.18290748
-84.46634332,370.98741010
-84.42418430,370.79190405
-84.38206457,370.59638951
-84.33998321,370.40086670
-84.29793931,370.20533583
-84.25593194,370.00979708
-84.21396018,369.81425068
-84.17202312,369.61869682
-84.13011983,369.42313571
-84.08824963,369.22756749
-84.04641406,369.03199186
-84.00461590,368.83640824
-83.96285793,368.64081604
-83.92114294,368.44521469
-83.87947372,368.24960360
-83.83785304,368.05398220
-83.79628371,367.85834991
-83.75476849,367.66270614
-83.71331017,367.46705033
-83.67191122,367.27138194
-83.63056891,367.07570159
-83.58927636,366.88001070
-83.54802660,366.68431077
-83.50681266,366.48860328
-83.46562754,366.29288970
-83.42446428,366.09717152
-83.38331590,365.90145021
-83.34217540,365.70572726
-83.30103582,365.51000414
-83.25989020,365.31428233
-83.21873362,365.11856287
-83.17756501,364.92284597
-83.13638372,364.72713174
-83.09518912,364.53142031
-83.05398055,364.33571180
-83.01275737,364.14000634
-82.97151892,363.94430403
-82.93026457,363.74860500
-82.88899366,363.55290938
-82.84770556,363.35721728
-82.80639874,363.16152902
-82.76506525,362.96584631
-82.72369412,362.77017154
-82.68227442,362.57450708
-82.64079517,362.37885533
-82.59924543,362.18321865
-82.55761424,361.98759943
-82.51589063,361.79200004
-82.47406366,361.59642288
-82.43212236,361.40087031
-82.39005586,361.20534470
-82.34786179,361.00984658
-82.30555361,360.81437305
-82.26314652,360.61892083
-82.22065570,360.42348666
-82.17809636,360.22806726
-82.13548368,360.03265936
-82.09283286,359.83725969
-82.05015909,359.64186497
-82.00747756,359.44647194
-81.96480347,359.25107733
-81.92215107,359.05567806
-81.87952466,358.86027320
-81.83692246,358.66486313
-81.79434265,358.46944825
-81.75178337,358.27402894
-81.70924278,358.07860560
-81.66671904,357.88317861
-81.62421030,357.68774838
-81.58171473,357.49231529
-81.53923048,357.29687973
-81.49675570,357.10144210
-81.45428821,356.90600286
-81.41182466,356.71056276
-81.36936140,356.51512257
-81.32689482,356.31968309
-81.28442129,356.12424511
-81.24193719,355.92880942
-81.19943889,355.73337682
-81.15692276,355.53794810
-81.11438519,355.34252404
-81.07182254,355.14710543
-81.02923130,354.95169305
-80.98661274,354.75628663
-80.94397456,354.56088448
-80.90132493,354.36548482
-80.85867203,354.17008588
-80.81602404,353.97468588
-80.77338911,353.77928305
-80.73077544,353.58387559
-80.68819118,353.38846175
-80.64564450,353.19303973
-80.60314359,352.99760777
-80.56069528,352.80216436
-80.51829492,352.60671054
-80.47593197,352.41124857
-80.43359587,352.21578077
-80.39127607,352.02030942
-80.34896198,351.82483683
-80.30664304,351.62936529
-80.26430868,351.43389711
-80.22194834,351.23843457
-80.17955144,351.04297998
-80.13710744,350.84753563
-80.09460982,350.65210294
-80.05206206,350.45668116
-80.00946916,350.26126919
-79.96683610,350.06586596
-79.92416788,349.87047039
-79.88146948,349.67508138
-79.83874590,349.47969787
-79.79600213,349.28431876
-79.75324317,349.08894297
-79.71047399,348.89356942
-79.66769943,348.69819707
-79.62492241,348.50282526
-79.58214456,348.30745366
-79.53936748,348.11208190
-79.49659278,347.91670963
-79.45382208,347.72133649
-79.41105697,347.52596213
-79.36829908,347.33058620
-79.32555000,347.13520834
-79.28281135,346.93982819
-79.24008472,346.74444541
-79.19736977,346.54906008
-79.15466229,346.35367310
-79.11195764,346.15828550
-79.06925115,345.96289830
-79.02653818,345.76751252
-78.98381407,345.57212917
-78.94107416,345.37674928
-78.89831380,345.18137386
-78.85552834,344.98600394
-78.81271313,344.79064053
-78.76986525,344.59528427
-78.72699088,344.39993380
-78.68409911,344.20458716
-78.64119900,344.00924234
-78.59829964,343.81389736
-78.55541012,343.61855023
-78.51253952,343.42319898
-78.46969691,343.22784161
-78.42689139,343.03247613
-78.38413203,342.83710056
-78.34142717,342.64171308
-78.29877622,342.44631381
-78.25617285,342.25090415
-78.21361060,342.05548549
-78.17108301,341.86005927
-78.12858364,341.66462688
-78.08610601,341.46918975
-78.04364369,341.27374928
-78.00119023,341.07830689
-77.95873915,340.88286398
-77.91628408,340.68742196
-77.87382024,340.49198186
-77.83134459,340.29654436
-77.78885415,340.10111007
-77.74634597,339.90567966
-77.70381708,339.71025375
-77.66126452,339.51483299
-77.61868532,339.31941801
-77.57607653,339.12400947
-77.53343517,338.92860799
-77.49075837,338.73321421
-77.44804911,338.53782747
-77.40531936,338.34244517
-77.36258193,338.14706456
-77.31984959,337.95168286
-77.27713511,337.75629729
-77.23445130,337.56090511
-77.19181092,337.36550352
-77.14922675,337.17008977
-77.10671159,336.97466109
-77.06427816,336.77921472
-77.02193229,336.58374939
-76.97966645,336.38826672
-76.93747155,336.19276866
-76.89533852,335.99725717
-76.85325827,335.80173420
-76.81122172,335.60620169
-76.76921978,335.41066161
-76.72724338,335.21511590
-76.68528343,335.01956652
-76.64333085,334.82401541
-76.60137471,334.62846496
-76.55939952,334.43291857
-76.51738909,334.23737979
-76.47532725,334.04185219
-76.43319779,333.84633934
-76.39098454,333.65084479
-76.34867130,333.45537211
-76.30624191,333.25992486
-76.26368015,333.06450660
-76.22096986,332.86912089
-76.17809724,332.67377078
-76.13507111,332.47845433
-76.09191279,332.28316686
-76.04864370,332.08790368
-76.00528529,331.89266007
-75.96185899,331.69743134
-75.91838624,331.50221278
-75.87488846,331.30699969
-75.83138710,331.11178737
-75.78790360,330.91657111
-75.74445938,330.72134622
-75.70107103,330.52610905
-75.65773375,330.33086066
-75.61443692,330.13560339
-75.57116988,329.94033958
-75.52792200,329.74507157
-75.48468264,329.54980169
-75.44144116,329.35453230
-75.39818691,329.15926572
-75.35490925,328.96400430
-75.31159754,328.76875038
-75.26824127,328.57350626
-75.22483957,328.37827215
-75.18140798,328.18304462
-75.13796364,327.98781989
-75.09452372,327.79259419
-75.05110536,327.59736375
-75.00772570,327.40212480
-74.96440189,327.20687356
-74.92115109,327.01160625
-74.87799043,326.81631911
-74.83493707,326.62100836
-74.79200577,326.42567074
-74.74918749,326.23030826
-74.70645949,326.03492590
-74.66379888,325.83952870
-74.62118277,325.64412168
-74.57858827,325.44870988
-74.53599249,325.25329834
-74.49337252,325.05789207
-74.45070549,324.86249612
-74.40796850,324.66711552
-74.36513876,324.47175526
-74.32220756,324.27641729
-74.27919333,324.08109754
-74.23611764,323.88579130
-74.19300205,323.69049383
-74.14986811,323.49520041
-74.10673739,323.29990632
-74.06363145,323.10460681
-74.02057185,322.90929718
-73.97758015,322.71397268
-73.93467791,322.51862860
-73.89188378,322.32326084
-73.84919571,322.12786985
-73.80660267,321.93245806
-73.76409359,321.73702789
-73.72165743,321.54158177
-73.67928312,321.34612213
-73.63695960,321.15065139
-73.59467580,320.95517199
-73.55242067,320.75968635
-73.51018314,320.56419690
-73.46795229,320.36870604
-73.42572074,320.17321538
-73.38348497,319.97772569
-73.34124165,319.78223769
-73.29898743,319.58675210
-73.25671898,319.39126966
-73.21443298,319.19579107
-73.17212608,319.00031707
-73.12979495,318.80484838
-73.08743625,318.60938573
-73.04504667,318.41392982
-73.00262527,318.21848086
-72.96017676,318.02303780
-72.91770661,317.82759942
-72.87522031,317.63216449
-72.83272332,317.43673179
-72.79022115,317.24130011
-72.74771926,317.04586822
-72.70522315,316.85043491
-72.66273828,316.65499894
-72.62027015,316.45955911
-72.57782045,316.26411503
-72.53537159,316.06867062
-72.49289987,315.87323119
-72.45038156,315.67780202
-72.40779297,315.48238841
-72.36511038,315.28699564
-72.32231008,315.09162901
-72.27936835,314.89629382
-72.23626148,314.70099535
-72.19296577,314.50573889
-72.14946136,314.31052888
-72.10576219,314.11536221
-72.06189961,313.92023189
-72.01790512,313.72513090
-71.97381022,313.53005221
-71.92964641,313.33498880
-71.88544518,313.13993364
-71.84123805,312.94487971
-71.79705651,312.74981999
-71.75293206,312.55474744
-71.70889370,312.35965562
-71.66494006,312.16454484
-71.62104948,311.96941997
-71.57719996,311.77428596
-71.53336949,311.57914777
-71.48953605,311.38401032
-71.44567764,311.18887858
-71.40177224,310.99375749
-71.35779784,310.79865199
-71.31373243,310.60356704
-71.26955543,310.40850726
-71.22527161,310.21347156
-71.18090760,310.01845395
-71.13649072,309.82344826
-71.09204827,309.62844834
-71.04760760,309.43344803
-71.00319600,309.23844117
-70.95884082,309.04342160
-70.91456935,308.84838315
-70.87040894,308.65331968
-70.82638581,308.45822526
-70.78250177,308.26309949
-70.73873446,308.06794740
-70.69506048,307.87277427
-70.65145643,307.67758536
-70.60789892,307.48238594
-70.56436454,307.28718129
-70.52082991,307.09197667
-70.47727162,306.89677736
-70.43366628,306.70158861
-70.38999105,306.50641559
-70.34624015,306.31125958
-70.30242760,306.11611745
-70.25856850,305.92098578
-70.21467798,305.72586117
-70.17077115,305.53074022
-70.12686313,305.33561953
-70.08296905,305.14049569
-70.03910401,304.94536530
-69.99528314,304.75022497
-69.95152145,304.55507130
-69.90782909,304.35990204
-69.86420965,304.16471644
-69.82066623,303.96951385
-69.77720192,303.77429363
-69.73381982,303.57905513
-69.69052304,303.38379772
-69.64731468,303.18852076
-69.60419782,302.99322359
-69.56117559,302.79790557
-69.51825107,302.60256607
-69.47542778,302.40720435
-69.43270991,302.21181956
-69.39010170,302.01641082
-69.34760738,301.82097725
-69.30523121,301.62551798
-69.26297741,301.43003213
-69.22085025,301.23451883
-69.17885395,301.03897722
-69.13699277,300.84340640
-69.09527085,300.64780552
-69.05367747,300.45217695
-69.01217074,300.25652978
-68.97070482,300.06087394
-68.92923388,299.86521937
-68.88771208,299.66957602
-68.84609361,299.47395383
-68.80433262,299.27836274
-68.76238329,299.08281268
-68.72019978,298.88731360
-68.67773627,298.69187544
-68.63496863,298.49650341
-68.59193966,298.30118819
-68.54870507,298.10591764
-68.50532057,297.91067962
-68.46184186,297.71546198
-68.41832463,297.52025260
-68.37482461,297.32503933
-68.33139748,297.12981004
-68.28809895,296.93455258
-68.24498473,296.73925482
-68.20210034,296.54390684
-68.15943847,296.34851027
-68.11697473,296.15307046
-68.07468473,295.95759275
-68.03254406,295.76208252
-67.99052833,295.56654510
-67.94861313,295.37098586
-67.90677407,295.17541015
-67.86498674,294.97982333
-67.82322676,294.78423074
-67.78147127,294.58863740
-67.73971412,294.39304466
-67.69795930,294.19745163
-67.65621095,294.00185738
-67.61447321,293.80626102
-67.57275020,293.61066161
-67.53104607,293.41505824
-67.48936495,293.21944999
-67.44771097,293.02383595
-67.40608827,292.82821520
-67.36450095,292.63258682
-67.32295164,292.43695026
-67.28144078,292.24130545
-67.23996859,292.04565238
-67.19853534,291.84999105
-67.15714126,291.65432142
-67.11578660,291.45864350
-67.07447161,291.26295727
-67.03319653,291.06726271
-66.99196162,290.87155981
-66.95076711,290.67584856
-66.90961247,290.48012909
-66.86849356,290.28440222
-66.82740514,290.08866899
-66.78634199,289.89293041
-66.74529888,289.69718751
-66.70427058,289.50144131
-66.66325187,289.30569285
-66.62223753,289.10994315
-66.58122232,288.91419324
-66.54020103,288.71844414
-66.49916806,288.52269695
-66.45810807,288.32695501
-66.41699475,288.13122411
-66.37580124,287.93551018
-66.33450070,287.73981916
-66.29306624,287.54415698
-66.25147103,287.34852956
-66.20968819,287.15294284
-66.16769087,286.95740274
-66.12545221,286.76191521
-66.08294534,286.56648616
-66.04015001,286.37112008
-65.99709496,286.17581070
-65.95383092,285.98054690
-65.91040875,285.78531757
-65.86687931,285.59011157
-65.82329345,285.39491776
-65.77970202,285.19972503
-65.73615588,285.00452223
-65.69270589,284.80929824
-65.64940289,284.61404193
-65.60629702,284.41874232
-65.56340262,284.22339630
-65.52068218,284.02801211
-65.47809411,283.83259888
-65.43559685,283.63716575
-65.39314882,283.44172186
-65.35070845,283.24627635
-65.30823417,283.05083834
-65.26568441,282.85541699
-65.22301758,282.66002141
-65.18019216,282.46466075
-65.13718386,282.26934033
-65.09401404,282.07405545
-65.05071151,281.87879975
-65.00730509,281.68356689
-64.96382359,281.48835052
-64.92029585,281.29314429
-64.87675067,281.09794185
-64.83321687,280.90273685
-64.78972326,280.70752294
-64.74629868,280.51229377
-64.70296968,280.31704349
-64.65974104,280.12177105
-64.61660533,279.92647811
-64.57355496,279.73116635
-64.53058233,279.53583746
-64.48767987,279.34049312
-64.44484000,279.14513501
-64.40205512,278.94976483
-64.35931766,278.75438425
-64.31662003,278.55899496
-64.27395466,278.36359864
-64.23131565,278.16819660
-64.18870189,277.97278908
-64.14611303,277.77737617
-64.10354875,277.58195792
-64.06100873,277.38653441
-64.01849264,277.19110570
-63.97600014,276.99567187
-63.93353092,276.80023300
-63.89108464,276.60478914
-63.84866099,276.40934036
-63.80625962,276.21388675
-63.76388005,276.01842840
-63.72152157,275.82296547
-63.67918344,275.62749812
-63.63686491,275.43202653
-63.59456526,275.23655084
-63.55228375,275.04107122
-63.51001963,274.84558784
-63.46777218,274.65010086
-63.42554065,274.45461044
-63.38332431,274.25911674
-63.34112263,274.06361988
-63.29893628,273.86811971
-63.25676639,273.67261600
-63.21461409,273.47710849
-63.17248051,273.28159696
-63.13036676,273.08608114
-63.08827398,272.89056081
-63.04620329,272.69503573
-63.00415581,272.49950563
-62.96213268,272.30397030
-62.92013505,272.10842947
-62.87816438,271.91288284
-62.83622229,271.71733007
-62.79431042,271.52177083
-62.75243039,271.32620477
-62.71058384,271.13063155
-62.66877239,270.93505084
-62.62699766,270.73946230
-62.58526130,270.54386559
-62.54356493,270.34826037
-62.50191017,270.15264631
-62.46029881,269.95702302
-62.41873275,269.76139010
-62.37721396,269.56574714
-62.33574435,269.37009374
-62.29432588,269.17442947
-62.25296047,268.97875394
-62.21165007,268.78306672
-62.17039662,268.58736741
-62.12920205,268.39165560
-62.08806830,268.19593087
-62.04699299,268.00019374
-62.00595710,267.80444826
-61.96493762,267.60869932
-61.92391155,267.41295182
-61.88285589,267.21721066
-61.84174762,267.02148073
-61.80056374,266.82576694
-61.75928125,266.63007418
-61.71787714,266.43440734
-61.67632840,266.23877134
-61.63461257,266.04317094
-61.59272907,265.84760627
-61.55070639,265.65207124
-61.50857504,265.45655935
-61.46636552,265.26106408
-61.42410834,265.06557893
-61.38183400,264.87009738
-61.33957299,264.67461293
-61.29735582,264.47911906
-61.25521300,264.28360928
-61.21317502,264.08807706
-61.17127027,263.89251635
-61.12949677,263.69692759
-61.08782983,263.50131605
-61.04624423,263.30568713
-61.00471475,263.11004622
-60.96321616,262.91439873
-60.92172323,262.71875005
-60.88021074,262.52310558
-60.83865346,262.32747071
-60.79702617,262.13185084
-60.75530364,261.93625137
-60.71346247,261.74067730
-60.67149966,261.54512929
-60.62942497,261.34960525
-60.58724839,261.15410307
-60.54497990,260.95862062
-60.50262947,260.76315578
-60.46020708,260.56770643
-60.41772270,260.37227045
-60.37518631,260.17684571
-60.33260789,259.98143010
-60.28999742,259.78602148
-60.24736487,259.59061774
-60.20472012,259.39521674
-60.16207305,259.19981632
-60.11943350,259.00441435
-60.07681133,258.80900866
-60.03421639,258.61359712
-59.99165852,258.41817757
-59.94914759,258.22274785
-59.90669345,258.02730584
-59.86430596,257.83184936
-59.82199495,257.63637628
-59.77976732,257.44088509
-59.73761032,257.24537856
-59.69550327,257.04986118
-59.65342548,256.85433745
-59.61135624,256.65881188
-59.56927484,256.46328895
-59.52716059,256.26777317
-59.48499278,256.07226905
-59.44275071,255.87678107
-59.40041368,255.68131374
-59.35796445,255.48587080
-59.31541291,255.29045009
-59.27278168,255.09504668
-59.23009346,254.89965562
-59.18737094,254.70427196
-59.14463683,254.50889075
-59.10191382,254.31350704
-59.05922460,254.11811588
-59.01659189,253.92271233
-58.97403837,253.72729142
-58.93158433,253.53184875
-58.88921955,253.33638656
-58.84691296,253.14091169
-58.80463309,252.94543105
-58.76234846,252.74995155
-58.72002759,252.55448010
-58.67763900,252.35902363
-58.63515121,252.16358904
-58.59253274,251.96818324
-58.54975212,251.77281317
-58.50677877,251.57748551
-58.46360815,251.38220128
-58.42026483,251.18695506
-58.37677494,250.99174110
-58.33316462,250.79655364
-58.28945999,250.60138694
-58.24568719,250.40623523
-58.20187235,250.21109277
-58.15804159,250.01595381
-58.11422105,249.82081259
-58.07043678,249.62566337
-58.02670335,249.43050297
-57.98301167,249.23533339
-57.93934976,249.04015730
-57.89570562,248.84497736
-57.85206727,248.64979623
-57.80842271,248.45461657
-57.76475995,248.25944105
-57.72106700,248.06427233
-57.67733187,247.86911307
-57.63354257,247.67396592
-57.58968905,247.47883313
-57.54577034,247.28371493
-57.50178805,247.08861098
-57.45774382,246.89352094
-57.41363928,246.69844447
-57.36947608,246.50338124
-57.32525583,246.30833089
-57.28098018,246.11329309
-57.23665076,245.91826751
-57.19226920,245.72325380
-57.14783753,245.52825152
-57.10336344,245.33325895
-57.05885876,245.13827337
-57.01433544,244.94329208
-56.96980540,244.74831235
-56.92528058,244.55333146
-56.88077292,244.35834670
-56.83629435,244.16335533
-56.79185680,243.96835464
-56.74747222,243.77334191
-56.70315247,243.57831443
-56.65890092,243.38327143
-56.61470415,243.18821597
-56.57054675,242.99315154
-56.52641332,242.79808166
-56.48228847,242.60300982
-56.43815679,242.40793952
-56.39400288,242.21287427
-56.34981134,242.01781756
-56.30556678,241.82277291
-56.26125379,241.62774381
-56.21685984,241.43273311
-56.17239340,241.23773889
-56.12787221,241.04275712
-56.08331406,240.84778376
-56.03873676,240.65281477
-55.99415808,240.45784610
-55.94959583,240.26287371
-55.90506779,240.06789357
-55.86059176,239.87290163
-55.81618553,239.67789384
-55.77186677,239.48286621
-55.72764328,239.28781694
-55.68350593,239.09274813
-55.63944392,238.89766222
-55.59544647,238.70256167
-55.55150280,238.50744893
-55.50760210,238.31232645
-55.46373360,238.11719668
-55.41988650,237.92206209
-55.37605002,237.72692512
-55.33221337,237.53178822
-55.28836656,237.33665366
-55.24450682,237.14152207
-55.20063513,236.94639321
-55.15675249,236.75126685
-55.11285991,236.55614274
-55.06895840,236.36102064
-55.02504897,236.16590032
-54.98113262,235.97078152
-54.93721037,235.77566402
-54.89328322,235.58054757
-54.84935219,235.38543193
-54.80542042,235.19031639
-54.76149647,234.99519905
-54.71758972,234.80007783
-54.67370953,234.60495066
-54.62986531,234.40981546
-54.58606642,234.21467014
-54.54232225,234.01951263
-54.49864218,233.82434084
-54.45503560,233.62915271
-54.41151187,233.43394614
-54.36807987,233.23871918
-54.32473724,233.04347235
-54.28147089,232.84820855
-54.23826726,232.65293080
-54.19511283,232.45764209
-54.15199403,232.26234543
-54.10889735,232.06704382
-54.06580922,231.87174028
-54.02271611,231.67643780
-53.97960448,231.48113939
-53.93646078,231.28584806
-53.89327411,231.09056622
-53.85005098,230.89529245
-53.80680502,230.70002375
-53.76354985,230.50475712
-53.72029910,230.30948955
-53.67706641,230.11421805
-53.63386541,229.91893961
-53.59070972,229.72365122
-53.54761298,229.52834989
-53.50458883,229.33303262
-53.46165089,229.13769640
-53.41880839,228.94233919
-53.37605703,228.74696198
-53.33338984,228.55156628
-53.29079990,228.35615365
-53.24828025,228.16072563
-53.20582395,227.96528375
-53.16342407,227.76982955
-53.12107365,227.57436459
-53.07876576,227.37889040
-53.03649344,227.18340851
-52.99424977,226.98792047
-52.95202794,226.79242778
-52.90982134,226.59693185
-52.86762340,226.40143410
-52.82542753,226.20593595
-52.78322714,226.01043883
-52.74101565,225.81494413
-52.69878648,225.61945329
-52.65653304,225.42396772
-52.61424875,225.22848884
-52.57192703,225.03301806
-52.52956180,224.83755670
-52.48715564,224.64210418
-52.44471818,224.44665843
-52.40225926,224.25121731
-52.35978874,224.05577869
-52.31731646,223.86034043
-52.27485227,223.66490040
-52.23240602,223.46945646
-52.18998756,223.27400649
-52.14760673,223.07854835
-52.10527339,222.88307990
-52.06299578,222.68759936
-52.02076724,222.49210819
-51.97857299,222.29660958
-51.93639819,222.10110677
-51.89422797,221.90560298
-51.85204747,221.71010145
-51.80984185,221.51460541
-51.76759625,221.31911808
-51.72529580,221.12364269
-51.68292566,220.92818247
-51.64047097,220.73274064
-51.59792017,220.53731973
-51.55527824,220.34191864
-51.51255525,220.14653519
-51.46976130,219.95116719
-51.42690648,219.75581245
-51.38400088,219.56046877
-51.34105458,219.36513396
-51.29807769,219.16980583
-51.25508028,218.97448219
-51.21207246,218.77916085
-51.16906430,218.58383961
-51.12606296,218.38851693
-51.08306678,218.19319316
-51.04007249,217.99786902
-50.99707680,217.80254523
-50.95407644,217.60722251
-50.91106812,217.41190156
-50.86804858,217.21658311
-50.82501452,217.02126788
-50.78196267,216.82595657
-50.73888975,216.63064991
-50.69579251,216.43534860
-50.65267105,216.24005262
-50.60953203,216.04476049
-50.56638288,215.84947059
-50.52323101,215.65418128
-50.48008386,215.45889092
-50.43694884,215.26359786
-50.39383337,215.06830049
-50.35074489,214.87299716
-50.30769081,214.67768623
-50.26467855,214.48236607
-50.22171548,214.28703505
-50.17880644,214.09169213
-50.13595291,213.89633700
-50.09315610,213.70096942
-50.05041726,213.50558916
-50.00773762,213.31019596
-49.96511841,213.11478959
-49.92256086,212.91936979
-49.88006621,212.72393634
-49.83763569,212.52848899
-49.79527053,212.33302750
-49.75297177,212.13755166
-49.71073602,211.94206221
-49.66855546,211.74656086
-49.62642209,211.55104931
-49.58432789,211.35552931
-49.54226486,211.16000257
-49.50022500,210.96447082
-49.45820030,210.76893580
-49.41618274,210.57339922
-49.37416433,210.37786282
-49.33213706,210.18232832
-49.29009339,209.98679735
-49.24803336,209.79126990
-49.20596304,209.59574467
-49.16388869,209.40022032
-49.12181656,209.20469551
-49.07975290,209.00916890
-49.03770396,208.81363914
-48.99567599,208.61810489
-48.95367525,208.42256482
-48.91170797,208.22701758
-48.86978043,208.03146183
-48.82789825,207.83589636
-48.78606020,207.64032143
-48.74426065,207.44473825
-48.70249387,207.24914805
-48.66075418,207.05355205
-48.61903584,206.85795146
-48.57733317,206.66234752
-48.53564045,206.46674144
-48.49395197,206.27113446
-48.45226203,206.07552778
-48.41056492,205.87992264
-48.36885560,205.68432011
-48.32713485,205.48872003
-48.28540645,205.29312159
-48.24367419,205.09752399
-48.20194186,204.90192640
-48.16021325,204.70632803
-48.11849216,204.51072807
-48.07678238,204.31512569
-48.03508769,204.11952011
-47.99341190,203.92391049
-47.95175880,203.72829604
-47.91013182,203.53267603
-47.86853180,203.33705026
-47.82695839,203.14141884
-47.78541124,202.94578183
-47.74389000,202.75013931
-47.70239433,202.55449136
-47.66092386,202.35883807
-47.61947826,202.16317951
-47.57805717,201.96751576
-47.53666023,201.77184690
-47.49528711,201.57617301
-47.45393713,201.38049423
-47.41260727,201.18481121
-47.37129342,200.98912481
-47.32999145,200.79343591
-47.28869725,200.59774536
-47.24740669,200.40205405
-47.20611566,200.20636284
-47.16482003,200.01067260
-47.12351569,199.81498419
-47.08219852,199.61929850
-47.04086440,199.42361639
-46.99950976,199.22793860
-46.95813587,199.03226488
-46.91674644,198.83659444
-46.87534522,198.64092649
-46.83393594,198.44526024
-46.79252236,198.24959491
-46.75110819,198.05392971
-46.70969719,197.85826384
-46.66829310,197.66259653
-46.62689966,197.46692698
-46.58552060,197.27125440
-46.54415946,197.07557805
-46.50281750,196.87989767
-46.46149450,196.68421328
-46.42019022,196.48852494
-46.37890442,196.29283268
-46.33763687,196.09713656
-46.29638732,195.90143661
-46.25515554,195.70573288
-46.21394129,195.51002542
-46.17274433,195.31431426
-46.13156442,195.11859946
-46.09040097,194.92288113
-46.04924757,194.72716063
-46.00809316,194.53144033
-45.96692655,194.33572261
-45.92573656,194.14000985
-45.88451198,193.94430446
-45.84324163,193.74860880
-45.80191432,193.55292527
-45.76051885,193.35725625
-45.71904403,193.16160414
-45.67747867,192.96597132
-45.63581200,192.77036008
-45.59404313,192.57477062
-45.55218132,192.37920097
-45.51023628,192.18364905
-45.46821773,191.98811282
-45.42613539,191.79259018
-45.38399896,191.59707909
-45.34181816,191.40157747
-45.29960272,191.20608325
-45.25736233,191.01059438
-45.21510672,190.81510877
-45.17284559,190.61962437
-45.13058800,190.42413924
-45.08834208,190.22865164
-45.04611591,190.03315983
-45.00391755,189.83766210
-44.96175508,189.64215670
-44.91963655,189.44664190
-44.87757004,189.25111598
-44.83556362,189.05557720
-44.79362535,188.86002384
-44.75176331,188.66445416
-44.70998551,188.46886644
-44.66829235,188.27326060
-44.62666816,188.07763999
-44.58509523,187.88200840
-44.54355588,187.68636962
-44.50203238,187.49072745
-44.46050706,187.29508567
-44.41896220,187.09944807
-44.37738010,186.90381845
-44.33574307,186.70820060
-44.29403340,186.51259830
-44.25223339,186.31701534
-44.21032986,186.12145456
-44.16832719,185.92591502
-44.12623400,185.73039489
-44.08405895,185.53489232
-44.04181068,185.33940548
-43.99949781,185.14393251
-43.95712900,184.94847160
-43.91471288,184.75302088
-43.87225810,184.55757854
-43.82977328,184.36214271
-43.78726709,184.16671157
-43.74474753,183.97128341
-43.70221819,183.77585744
-43.65968064,183.58043333
-43.61713647,183.38501070
-43.57458725,183.18958921
-43.53203455,182.99416851
-43.48947996,182.79874824
-43.44692506,182.60332805
-43.40437141,182.40790759
-43.36182060,182.21248649
-43.31927421,182.01706442
-43.27673384,181.82164100
-43.23420162,181.62621578
-43.19168009,181.43078821
-43.14917178,181.23535776
-43.10667924,181.03992388
-43.06420501,180.84448602
-43.02175165,180.64904364
-42.97932170,180.45359620
-42.93691769,180.25814316
-42.89454219,180.06268396
-42.85219770,179.86721807
-42.80988503,179.67174532
-42.76760165,179.47626625
-42.72534472,179.28078145
-42.68311136,179.08529153
-42.64089872,178.88979711
-42.59870393,178.69429878
-42.55652413,178.49879716
-42.51435646,178.30329285
-42.47219806,178.10778645
-42.43004603,177.91227858
-42.38789426,177.71677057
-42.34573025,177.52126516
-42.30354074,177.32576527
-42.26131246,177.13027382
-42.21903218,176.93479371
-42.17668662,176.73932787
-42.13426253,176.54387920
-42.09174666,176.34845062
-42.04912575,176.15304505
-42.00638653,175.95766539
-41.96351964,175.76231372
-41.92053549,175.56698774
-41.87745078,175.37168381
-41.83428223,175.17639824
-41.79104655,174.98112739
-41.74776045,174.78586759
-41.70444066,174.59061516
-41.66110387,174.39536646
-41.61776681,174.20011781
-41.57444619,174.00486556
-41.53115574,173.80960668
-41.48789313,173.61434171
-41.44465065,173.41907234
-41.40142059,173.22380028
-41.35819524,173.02852722
-41.31496688,172.83325486
-41.27172779,172.63798491
-41.22847026,172.44271907
-41.18518659,172.24745904
-41.14186905,172.05220652
-41.09851020,171.85696315
-41.05510744,171.66172951
-41.01166227,171.46650527
-40.96817631,171.27129009
-40.92465122,171.07608360
-40.88108862,170.88088545
-40.83749016,170.68569529
-40.79385746,170.49051276
-40.75019217,170.29533750
-40.70649592,170.10016916
-40.66277055,169.90500735
-40.61902270,169.70985058
-40.57526402,169.51469624
-40.53150637,169.31954169
-40.48776163,169.12438428
-40.44404166,168.92922134
-40.40035834,168.73405023
-40.35672354,168.53886829
-40.31314912,168.34367287
-40.26964696,168.14846131
-40.22622860,167.95323105
-40.18289120,167.75798270
-40.13961246,167.56272126
-40.09636868,167.36745202
-40.05313617,167.17218030
-40.00989124,166.97691137
-39.96661018,166.78165054
-39.92326932,166.58640312
-39.87984494,166.39117439
-39.83631336,166.19596965
-39.79265102,166.00079418
-39.74885028,165.80564968
-39.70493379,165.61053107
-39.66092763,165.41543253
-39.61685784,165.22034821
-39.57275049,165.02527228
-39.52863165,164.83019891
-39.48452738,164.63512225
-39.44046374,164.44003648
-39.39646679,164.24493576
-39.35256259,164.04981425
-39.30876759,163.85466828
-39.26506983,163.65950051
-39.22145215,163.46431480
-39.17789737,163.26911498
-39.13438833,163.07390489
-39.09090785,162.87868839
-39.04743876,162.68346932
-39.00396390,162.48825151
-38.96046609,162.29303881
-38.91692817,162.09783507
-38.87333663,161.90264331
-38.82969799,161.70746208
-38.78602555,161.51228841
-38.74233264,161.31711934
-38.69863256,161.12195189
-38.65493863,160.92678311
-38.61126415,160.73161002
-38.56762244,160.53642965
-38.52402682,160.34123905
-38.48049059,160.14603523
-38.43702599,159.95081548
-38.39363243,159.75557991
-38.35030087,159.56033054
-38.30702211,159.36506941
-38.26378698,159.16979855
-38.22058628,158.97452001
-38.17741084,158.77923581
-38.13425146,158.58394801
-38.09109896,158.38865864
-38.04794415,158.19336974
-38.00477802,157.99808331
-37.96159972,157.80279955
-37.91842002,157.60751611
-37.87525061,157.41223043
-37.83210317,157.21693995
-37.78898936,157.02164212
-37.74592086,156.82633438
-37.70290935,156.63101418
-37.65996651,156.43567896
-37.61710400,156.24032616
-37.57433351,156.04495323
-37.53166304,155.84955842
-37.48908743,155.65414287
-37.44659860,155.45870835
-37.40418845,155.26325665
-37.36184889,155.06778954
-37.31957181,154.87230882
-37.27734914,154.67681626
-37.23517277,154.48131365
-37.19303460,154.28580276
-37.15092655,154.09028537
-37.10884040,153.89476330
-37.06676656,153.69923863
-37.02469462,153.50371360
-36.98261416,153.30819047
-36.94051473,153.11267148
-36.89838593,152.91715890
-36.85621731,152.72165497
-36.81399846,152.52616194
-36.77171894,152.33068208
-36.72936833,152.13521762
-36.68693640,151.93977078
-36.64442356,151.74434147
-36.60184590,151.54892619
-36.55922077,151.35352120
-36.51656552,151.15812273
-36.47389750,150.96272701
-36.43123405,150.76733031
-36.38859252,150.57192885
-36.34599026,150.37651887
-36.30344462,150.18109662
-36.26097295,149.98565835
-36.21858765,149.79020135
-36.17628166,149.59472716
-36.13404318,149.39923834
-36.09186037,149.20373745
-36.04972141,149.00822705
-36.00761447,148.81270971
-35.96552773,148.61718797
-35.92344936,148.42166441
-35.88136754,148.22614159
-35.83927044,148.03062206
-35.79714679,147.83510828
-35.75499144,147.63960134
-35.71280301,147.44410157
-35.67058020,147.24860924
-35.62832169,147.05312463
-35.58602617,146.85764805
-35.54369234,146.66217977
-35.50131888,146.46672008
-35.45890449,146.27126927
-35.41644785,146.07582762
-35.37394776,145.88039541
-35.33140800,145.68497180
-35.28883930,145.48955448
-35.24625290,145.29414100
-35.20366005,145.09872893
-35.16107200,144.90331583
-35.11849999,144.70789927
-35.07595526,144.51247679
-35.03344907,144.31704597
-34.99099265,144.12160437
-34.94859725,143.92614955
-34.90627032,143.73067988
-34.86400593,143.53519667
-34.82179514,143.33970184
-34.77962904,143.14419733
-34.73749870,142.94868507
-34.69539520,142.75316699
-34.65330963,142.55764503
-34.61123305,142.36212112
-34.56915656,142.16659719
-34.52707123,141.97107518
-34.48496874,141.77555689
-34.44284719,141.58004273
-34.40070853,141.38453227
-34.35855477,141.18902508
-34.31638792,140.99352073
-34.27420999,140.79801877
-34.23202297,140.60251877
-34.18982887,140.40702030
-34.14762971,140.21152291
-34.10542748,140.01602618
-34.06322417,139.82052967
-34.02101970,139.62503340
-33.97881017,139.42953821
-33.93659133,139.23404503
-33.89435889,139.03855479
-33.85210859,138.84306842
-33.80983614,138.64758685
-33.76753727,138.45211100
-33.72520771,138.25664181
-33.68284318,138.06118020
-33.64043941,137.86572710
-33.59799335,137.67028317
-33.55551042,137.47484725
-33.51299963,137.27941737
-33.47046999,137.08399158
-33.42793054,136.88856792
-33.38539028,136.69314443
-33.34285825,136.49771917
-33.30034347,136.30229017
-33.25785495,136.10685548
-33.21540172,135.91141313
-33.17299261,135.71596122
-33.13062968,135.52049929
-33.08830647,135.32502876
-33.04601597,135.12955112
-33.00375120,134.93406791
-32.96150515,134.73858063
-32.91927082,134.54309080
-32.87704121,134.34759995
-32.83480932,134.15210958
-32.79256816,133.95662122
-32.75031072,133.76113637
-32.70803141,133.56565626
-32.66572877,133.37018120
-32.62340205,133.17471136
-32.58105052,132.97924690
-32.53867344,132.78378798
-32.49627010,132.58833476
-32.45383974,132.39288741
-32.41138163,132.19744609
-32.36889505,132.00201095
-32.32637926,131.80658217
-32.28383411,131.61115977
-32.24126280,131.41574306
-32.19866973,131.22033109
-32.15605931,131.02492291
-32.11343595,130.82951754
-32.07080404,130.63411404
-32.02816799,130.43871146
-31.98553220,130.24330883
-31.94290108,130.04790519
-31.90027903,129.85249961
-31.85767025,129.65709115
-31.81507685,129.46167936
-31.77249979,129.26626401
-31.72994000,129.07084490
-31.68739841,128.87542181
-31.64487596,128.67999451
-31.60237359,128.48456281
-31.55989223,128.28912648
-31.51743281,128.09368532
-31.47499628,127.89823909
-31.43258287,127.70278776
-31.39018447,127.50733308
-31.34778746,127.31187808
-31.30537812,127.11642578
-31.26294272,126.92097919
-31.22046754,126.72554133
-31.17793884,126.53011525
-31.13534292,126.33470395
-31.09266605,126.13931047
-31.04989449,125.94393782
-31.00701453,125.74858902
-30.96401297,125.55326700
-30.92088918,125.35797189
-30.87765552,125.16270097
-30.83432496,124.96745140
-30.79091045,124.77222032
-30.74742497,124.57700490
-30.70388146,124.38180228
-30.66029289,124.18660961
-30.61667222,123.99142406
-30.57303241,123.79624276
-30.52938641,123.60106288
-30.48574703,123.40588160
-30.44212166,123.21069729
-30.39851112,123.01550976
-30.35491590,122.82031888
-30.31133645,122.62512454
-30.26777322,122.42992663
-30.22422668,122.23472502
-30.18069729,122.03951960
-30.13718550,121.84431026
-30.09369177,121.64909688
-30.05021658,121.45387934
-30.00676020,121.25865756
-29.96331903,121.06343235
-29.91988555,120.86820540
-29.87645206,120.67297844
-29.83301085,120.47775319
-29.78955421,120.28253139
-29.74607444,120.08731477
-29.70256385,119.89210506
-29.65901472,119.69690398
-29.61541935,119.50171327
-29.57177004,119.30653466
-29.52806013,119.11136964
-29.48429321,118.91621740
-29.44047879,118.72107581
-29.39662643,118.52594271
-29.35274569,118.33081594
-29.30884613,118.13569336
-29.26493731,117.94057281
-29.22102879,117.74545214
-29.17713014,117.55032920
-29.13325091,117.35520184
-29.08940067,117.16006789
-29.04558853,116.96492533
-29.00182204,116.76977250
-28.95810842,116.57460783
-28.91445487,116.37942975
-28.87086859,116.18423669
-28.82735681,115.98902709
-28.78392672,115.79379938
-28.74058555,115.59855199
-28.69734049,115.40328335
-28.65419876,115.20799190
-28.61116736,115.01267611
-28.56824739,114.81733576
-28.52543326,114.62197213
-28.48271905,114.42658656
-28.44009881,114.23118039
-28.39756662,114.03575496
-28.35511654,113.84031162
-28.31274264,113.64485171
-28.27043898,113.44937657
-28.22819963,113.25388756
-28.18601865,113.05838600
-28.14388953,112.86287337
-28.10180345,112.66735154
-28.05975105,112.47182252
-28.01772296,112.27628831
-27.97570982,112.08075092
-27.93370226,111.88521233
-27.89169091,111.68967454
-27.84966640,111.49413957
-27.80761938,111.29860940
-27.76554047,111.10308604
-27.72342119,110.90757129
-27.68126642,110.71206413
-27.63909139,110.51656129
-27.59691158,110.32105948
-27.55474249,110.12555539
-27.51259960,109.93004571
-27.47049841,109.73452715
-27.42845441,109.53899639
-27.38648309,109.34345014
-27.34459993,109.14788509
-27.30282029,108.95229796
-27.26114941,108.75668764
-27.21957564,108.56105660
-27.17808574,108.36540766
-27.13666645,108.16974364
-27.09530455,107.97406736
-27.05398678,107.77838163
-27.01269990,107.58268927
-26.97143066,107.38699311
-26.93016583,107.19129595
-26.88889216,106.99560062
-26.84759723,106.79990977
-26.80627102,106.60422554
-26.76490395,106.40855001
-26.72348645,106.21288524
-26.68200894,106.01723328
-26.64046184,105.82159621
-26.59883558,105.62597609
-26.55712058,105.43037498
-26.51530725,105.23479495
-26.47338604,105.03923805
-26.43135191,104.84370538
-26.38921737,104.64819425
-26.34699909,104.45270108
-26.30471375,104.25722230
-26.26237804,104.06175434
-26.22000864,103.86629360
-26.17762223,103.67083651
-26.13523549,103.47537950
-26.09286510,103.27991899
-26.05052774,103.08445140
-26.00823847,102.88897349
-25.96599682,102.69348536
-25.92379368,102.49798897
-25.88161989,102.30248625
-25.83946625,102.10697918
-25.79732358,101.91146972
-25.75518271,101.71595982
-25.71303446,101.52045144
-25.67086963,101.32494655
-25.62867904,101.12944711
-25.58645353,100.93395507
-25.54418521,100.73847212
-25.50188282,100.54299640
-25.45956641,100.34752365
-25.41725628,100.15204957
-25.37497270,99.95656984
-25.33273596,99.76108016
-25.29056633,99.56557621
-25.24848411,99.37005369
-25.20650957,99.17450829
-25.16466299,98.97893569
-25.12296467,98.78333159
-25.08143301,98.58769208
-25.04005894,98.39201907
-24.99881245,98.19631892
-24.95766302,98.00059810
-24.91658012,97.80486307
-24.87553321,97.60912029
-24.83449177,97.41337625
-24.79342527,97.21763739
-24.75230319,97.02191019
-24.71109498,96.82620112
-24.66977013,96.63051665
-24.62830078,96.43486267
-24.58669592,96.23923731
-24.54499139,96.04363305
-24.50322360,95.84804222
-24.46142899,95.65245718
-24.41964398,95.45687025
-24.37790500,95.26127380
-24.33624849,95.06566015
-24.29471086,94.87002165
-24.25332855,94.67435065
-24.21213798,94.47863948
-24.17116985,94.28288170
-24.13041021,94.08708020
-24.08982429,93.89124225
-24.04937718,93.69537516
-24.00903397,93.49948621
-23.96875976,93.30358272
-23.92851964,93.10767197
-23.88827870,92.91176127
-23.84800204,92.71585791
-23.80765476,92.51996919
-23.76720195,92.32410241
-23.72661761,92.12826301
-23.68590251,91.93245087
-23.64506239,91.73666483
-23.60410302,91.54090372
-23.56303014,91.34516640
-23.52184951,91.14945169
-23.48056689,90.95375844
-23.43918803,90.75808548
-23.39771868,90.56243165
-23.35616461,90.36679580
-23.31453144,90.17117678
-23.27282207,89.97557404
-23.23103671,89.77998754
-23.18917544,89.58441731
-23.14723837,89.38886336
-23.10522558,89.19332568
-23.06313717,88.99780430
-23.02097323,88.80229922
-22.97873386,88.60681046
-22.93641916,88.41133801
-22.89402921,88.21588190
-22.85156509,88.02044191
-22.80903194,87.82501693
-22.76643593,87.62960564
-22.72378320,87.43420670
-22.68107993,87.23881876
-22.63833228,87.04344050
-22.59554641,86.84807059
-22.55272850,86.65270768
-22.50988469,86.45735044
-22.46702116,86.26199753
-22.42414390,86.06664767
-22.38125599,85.87130017
-22.33835804,85.67595490
-22.29545059,85.48061173
-22.25253417,85.28527055
-22.20960932,85.08993123
-22.16667658,84.89459365
-22.12373647,84.69925769
-22.08078954,84.50392322
-22.03783633,84.30859013
-21.99487735,84.11325828
-21.95191207,83.91792781
-21.90893799,83.72259926
-21.86595238,83.52727324
-21.82295249,83.33195037
-21.77993561,83.13663125
-21.73689899,82.94131649
-21.69383992,82.74600669
-21.65075565,82.55070246
-21.60764347,82.35540442
-21.56450063,82.16011316
-21.52132597,81.96482895
-21.47812415,81.76955075
-21.43490123,81.57427721
-21.39166325,81.37900700
-21.34841623,81.18373877
-21.30516624,80.98847118
-21.26191930,80.79320288
-21.21868147,80.59793253
-21.17545878,80.40265879
-21.13225728,80.20738031
-21.08908104,80.01209619
-21.04592177,79.81680828
-21.00276633,79.62151952
-20.95960156,79.42623285
-20.91641431,79.23095120
-20.87319143,79.03567751
-20.82991977,78.84041471
-20.78658617,78.64516576
-20.74317749,78.44993357
-20.69968058,78.25472109
-20.65608393,78.05953090
-20.61238992,77.86436245
-20.56860790,77.66921366
-20.52474728,77.47408243
-20.48081745,77.27896667
-20.43682781,77.08386427
-20.39278776,76.88877314
-20.34870670,76.69369118
-20.30459404,76.49861630
-20.26045916,76.30354638
-20.21631148,76.10847935
-20.17216045,75.91341307
-20.12801575,75.71834539
-20.08388710,75.52327414
-20.03978424,75.32819713
-19.99571688,75.13311218
-19.95169476,74.93801713
-19.90772759,74.74290979
-19.86382510,74.54778799
-19.81999703,74.35264955
-19.77625308,74.15749229
-19.73260297,73.96231405
-19.68905090,73.76711388
-19.64558823,73.57189372
-19.60220445,73.37665592
-19.55888908,73.18140283
-19.51563162,72.98613681
-19.47242158,72.79086021
-19.42924848,72.59557537
-19.38610181,72.40028464
-19.34297108,72.20499039
-19.29984581,72.00969495
-19.25671560,71.81440066
-19.21357329,71.61910911
-19.17041574,71.42382100
-19.12724002,71.22853694
-19.08404324,71.03325759
-19.04082248,70.83798356
-18.99757483,70.64271549
-18.95429737,70.44745402
-18.91098721,70.25219977
-18.86764144,70.05695338
-18.82425713,69.86171549
-18.78083296,69.66648637
-18.73737928,69.47126375
-18.69391166,69.27604420
-18.65044571,69.08082429
-18.60699702,68.88560058
-18.56358119,68.69036963
-18.52021383,68.49512802
-18.47691053,68.29987231
-18.43368689,68.10459907
-18.39055851,67.90930486
-18.34754085,67.71398628
-18.30463873,67.51864226
-18.26183970,67.32327557
-18.21912969,67.12788928
-18.17649465,66.93248649
-18.13392050,66.73707031
-18.09139321,66.54164383
-18.04889870,66.34621014
-18.00642292,66.15077235
-17.96395181,65.95533354
-17.92147131,65.75989682
-17.87897062,65.56446456
-17.83645151,65.36903638
-17.79391878,65.17361122
-17.75137723,64.97818803
-17.70883168,64.78276575
-17.66628691,64.58734333
-17.62374775,64.39191971
-17.58121898,64.19649383
-17.53870542,64.00106465
-17.49621186,63.80563110
-17.45374303,63.61019215
-17.41130165,63.41474721
-17.36888847,63.21929613
-17.32650414,63.02383877
-17.28414932,62.82837501
-17.24182465,62.63290470
-17.19953079,62.43742773
-17.15726840,62.24194395
-17.11503812,62.04645325
-17.07284062,61.85095547
-17.03067654,61.65545051
-16.98854541,61.45993845
-16.94644328,61.26442016
-16.90436554,61.06889662
-16.86230757,60.87336883
-16.82026475,60.67783777
-16.77823249,60.48230443
-16.73620615,60.28676980
-16.69418113,60.09123488
-16.65215281,59.89570066
-16.61011658,59.70016811
-16.56806781,59.50463825
-16.52600156,59.30911214
-16.48391268,59.11359089
-16.44179601,58.91807563
-16.39964641,58.72256749
-16.35745871,58.52706758
-16.31522776,58.33157703
-16.27294841,58.13609696
-16.23061549,57.94062849
-16.18822386,57.74517274
-16.14576848,57.54973081
-16.10325198,57.35430213
-16.06068914,57.15888351
-16.01809578,56.96347151
-15.97548771,56.76806272
-15.93288078,56.57265369
-15.89029081,56.37724100
-15.84773363,56.18182123
-15.80522506,55.98639095
-15.76278093,55.79094673
-15.72041707,55.59548513
-15.67814461,55.40000376
-15.63595501,55.20450445
-15.59383452,55.00899018
-15.55176942,54.81346392
-15.50974600,54.61792863
-15.46775053,54.42238729
-15.42576928,54.22684285
-15.38378853,54.03129830
-15.34179455,53.83575659
-15.29977362,53.64022070
-15.25771337,53.44469330
-15.21561260,53.24917466
-15.17347560,53.05366384
-15.13130667,52.85815992
-15.08911014,52.66266196
-15.04689031,52.46716903
-15.00465152,52.27168019
-14.96239807,52.07619453
-14.92013429,51.88071109
-14.87786448,51.68522896
