-106.64689790,-275.89510096
-106.44724536,-275.90682414
-106.24759306,-275.91855486
-106.04794123,-275.93030065
-105.84829010,-275.94206905
-105.64863991,-275.95386761
-105.44899088,-275.96570386
-105.24934326,-275.97758534
-105.04969728,-275.98951959
-104.85005317,-276.00151414
-104.65041116,-276.01357653
-104.45077195,-276.02571910
-104.25113906,-276.03798424
-104.05151714,-276.05042600
-103.85191082,-276.06309846
-103.65232475,-276.07605567
-103.45276356,-276.08935172
-103.25323189,-276.10304067
-103.05373438,-276.11717659
-102.85427567,-276.13181355
-102.65486040,-276.14700563
-102.45549254,-276.16279873
-102.25616889,-276.17915189
-102.05688193,-276.19597164
-101.85762409,-276.21316376
-101.65838778,-276.23063405
-101.45916542,-276.24828830
-101.25994943,-276.26603231
-101.06073222,-276.28377187
-100.86150623,-276.30141277
-100.66226386,-276.31886081
-100.46299781,-276.33602495
-100.26370528,-276.35286853
-100.06438731,-276.36940060
-99.86504505,-276.38563159
-99.66567965,-276.40157196
-99.46629225,-276.41723216
-99.26688400,-276.43262265
-99.06745604,-276.44775387
-98.86800954,-276.46263627
-98.66854562,-276.47728032
-98.46906546,-276.49169655
-98.26957082,-276.50590644
-98.07006470,-276.51995226
-97.87055021,-276.53387860
-97.67103046,-276.54773007
-97.47150858,-276.56155126
-97.27198768,-276.57538678
-97.07247087,-276.58928123
-96.87296128,-276.60327920
-96.67346202,-276.61742531
-96.47397620,-276.63176414
-96.27450641,-276.64633132
-96.07505357,-276.66113446
-95.87561826,-276.67617571
-95.67620108,-276.69145721
-95.47680260,-276.70698111
-95.27742343,-276.72274956
-95.07806414,-276.73876471
-94.87872534,-276.75502869
-94.67940760,-276.77154367
-94.48011152,-276.78831178
-94.28083720,-276.80533010
-94.08158161,-276.82256313
-93.88234047,-276.83996244
-93.68310953,-276.85747959
-93.48388449,-276.87506613
-93.28466109,-276.89267360
-93.08543505,-276.91025356
-92.88620210,-276.92775756
-92.68695796,-276.94513715
-92.48769836,-276.96234388
-92.28841938,-276.97933319
-92.08912269,-276.99612299
-91.88981449,-277.01278165
-91.69050111,-277.02937899
-91.49118887,-277.04598479
-91.29188410,-277.06266886
-91.09259313,-277.07950101
-90.89332229,-277.09655104
-90.69407789,-277.11388876
-90.49486628,-277.13158396
-90.29569368,-277.14970545
-90.09656205,-277.16827470
-89.89746729,-277.18724622
-89.69840481,-277.20656947
-89.49937007,-277.22619389
-89.30035849,-277.24606895
-89.10136551,-277.26614408
-88.90238656,-277.28636874
-88.70341708,-277.30669239
-88.50445250,-277.32706447
-88.30548826,-277.34743444
-88.10652061,-277.36776083
-87.90754982,-277.38804612
-87.70857737,-277.40830603
-87.50960474,-277.42855631
-87.31063338,-277.44881269
-87.11166479,-277.46909091
-86.91270043,-277.48940671
-86.71374177,-277.50977583
-86.51479030,-277.53021399
-86.31584748,-277.55073694
-86.11691460,-277.57135837
-85.91799125,-277.59207476
-85.71907623,-277.61287396
-85.52016831,-277.63374380
-85.32126626,-277.65467207
-85.12236886,-277.67564659
-84.92347487,-277.69665515
-84.72458308,-277.71768558
-84.52569225,-277.73872567
-84.32680117,-277.75976323
-84.12790861,-277.78078614
-83.92901364,-277.80178531
-83.73011576,-277.82275577
-83.53121447,-277.84369287
-83.33230928,-277.86459195
-83.13339971,-277.88544837
-82.93448526,-277.90625747
-82.73556546,-277.92701458
-82.53663980,-277.94771506
-82.33770781,-277.96835425
-82.13876898,-277.98892749
-81.93982313,-278.00943288
-81.74087095,-278.02987717
-81.54191331,-278.05026878
-81.34295108,-278.07061618
-81.14398513,-278.09092779
-80.94501635,-278.11121208
-80.74604560,-278.13147747
-80.54707376,-278.15173242
-80.34810169,-278.17198538
-80.14913028,-278.19224477
-79.95016013,-278.21251638
-79.75119058,-278.23279377
-79.55222063,-278.25306704
-79.35324929,-278.27332630
-79.15427556,-278.29356164
-78.95529843,-278.31376315
-78.75631689,-278.33392094
-78.55732996,-278.35402511
-78.35833663,-278.37406575
-78.15933589,-278.39403296
-77.96032700,-278.41391931
-77.76131119,-278.43373701
-77.56229064,-278.45350758
-77.36326751,-278.47325263
-77.16424401,-278.49299375
-76.96522230,-278.51275253
-76.76620456,-278.53255058
-76.56719299,-278.55240947
-76.36818976,-278.57235082
-76.16919705,-278.59239621
-75.97021684,-278.61256527
-75.77124841,-278.63285086
-75.57228909,-278.65322669
-75.37333619,-278.67366600
-75.17438699,-278.69414206
-74.97543878,-278.71462813
-74.77648887,-278.73509747
-74.57753453,-278.75552333
-74.37857307,-278.77587899
-74.17960178,-278.79613770
-73.98061798,-278.81627297
-73.78162089,-278.83627712
-73.58261294,-278.85617390
-73.38359684,-278.87599006
-73.18457531,-278.89575233
-72.98555109,-278.91548748
-72.78652688,-278.93522223
-72.58750541,-278.95498334
-72.38848941,-278.97479755
-72.18948159,-278.99469160
-71.99048467,-279.01469224
-71.79150096,-279.03482203
-71.59252964,-279.05507349
-71.39356856,-279.07542599
-71.19461557,-279.09585885
-70.99566850,-279.11635139
-70.79672520,-279.13688292
-70.59778351,-279.15743276
-70.39884127,-279.17798024
-70.19989632,-279.19850467
-70.00094651,-279.21898537
-69.80198970,-279.23940176
-69.60302406,-279.25973420
-69.40404791,-279.27996355
-69.20505956,-279.30007065
-69.00605732,-279.32003637
-68.80703951,-279.33984154
-68.60800445,-279.35946703
-68.40895045,-279.37889369
-68.20987583,-279.39810236
-68.01077890,-279.41707391
-67.81165817,-279.43579122
-67.61251463,-279.45426477
-67.41335111,-279.47252491
-67.21417047,-279.49060245
-67.01497556,-279.50852817
-66.81576923,-279.52633288
-66.61655435,-279.54404738
-66.41733376,-279.56170246
-66.21811034,-279.57932891
-66.01888692,-279.59695755
-65.81966635,-279.61461889
-65.62045089,-279.63233692
-65.42124219,-279.65012866
-65.22204189,-279.66801078
-65.02285161,-279.68599998
-64.82367298,-279.70411293
-64.62450763,-279.72236634
-64.42535718,-279.74077688
-64.22622327,-279.75936124
-64.02710752,-279.77813611
-63.82801155,-279.79711805
-63.62893572,-279.81631054
-63.42987798,-279.83569221
-63.23083602,-279.85523891
-63.03180754,-279.87492647
-62.83279023,-279.89473076
-62.63378178,-279.91462762
-62.43477987,-279.93459289
-62.23578221,-279.95460243
-62.03678647,-279.97463208
-61.83779036,-279.99465769
-61.63879174,-280.01465697
-61.43978928,-280.03461618
-61.24078188,-280.05452400
-61.04176843,-280.07436913
-60.84274784,-280.09414026
-60.64371900,-280.11382606
-60.44468081,-280.13341525
-60.24563218,-280.15289650
-60.04657200,-280.17225851
-59.84749916,-280.19148996
-59.64841270,-280.21058082
-59.44931374,-280.22954272
-59.25020516,-280.24840548
-59.05108992,-280.26719949
-58.85197097,-280.28595515
-58.65285125,-280.30470283
-58.45373371,-280.32347294
-58.25462130,-280.34229585
-58.05551696,-280.36120196
-57.85642364,-280.38022165
-57.65734429,-280.39938531
-57.45828088,-280.41871317
-57.25923223,-280.43819326
-57.06019660,-280.45780728
-56.86117220,-280.47753691
-56.66215727,-280.49736385
-56.46315004,-280.51726980
-56.26414874,-280.53723644
-56.06515160,-280.55724546
-55.86615685,-280.57727855
-55.66716272,-280.59731741
-55.46816749,-280.61734428
-55.26917028,-280.63735012
-55.07017086,-280.65733282
-54.87116903,-280.67729047
-54.67216459,-280.69722117
-54.47315732,-280.71712301
-54.27414702,-280.73699407
-54.07513349,-280.75683245
-53.87611651,-280.77663624
-53.67709590,-280.79640353
-53.47807143,-280.81613240
-53.27904288,-280.83582067
-53.08001000,-280.85546545
-52.88097250,-280.87506377
-52.68193013,-280.89461263
-52.48288259,-280.91410907
-52.28382963,-280.93355010
-52.08477096,-280.95293274
-51.88570633,-280.97225401
-51.68663544,-280.99151094
-51.48755805,-281.01070053
-51.28847400,-281.02982127
-51.08938442,-281.04888450
-50.89029105,-281.06790839
-50.69119568,-281.08691117
-50.49210006,-281.10591108
-50.29300597,-281.12492632
-50.09391518,-281.14397514
-49.89482946,-281.16307577
-49.69575056,-281.18224642
-49.49668027,-281.20150532
-49.29762023,-281.22086940
-49.09857052,-281.24033967
-48.89953023,-281.25990657
-48.70049840,-281.27956036
-48.50147408,-281.29929129
-48.30245633,-281.31908962
-48.10344421,-281.33894559
-47.90443675,-281.35884945
-47.70543301,-281.37879147
-47.50643205,-281.39876189
-47.30743291,-281.41875086
-47.10843436,-281.43874585
-46.90943489,-281.45873130
-46.71043297,-281.47869152
-46.51142708,-281.49861080
-46.31241567,-281.51847345
-46.11339722,-281.53826375
-45.91437020,-281.55796602
-45.71533308,-281.57756454
-45.51628433,-281.59704363
-45.31722243,-281.61638767
-45.11814672,-281.63558979
-44.91905806,-281.65465851
-44.71995747,-281.67360388
-44.52084597,-281.69243598
-44.32172458,-281.71116487
-44.12259430,-281.72980063
-43.92345617,-281.74835332
-43.72431119,-281.76683302
-43.52516038,-281.78524978
-43.32600476,-281.80361369
-43.12684522,-281.82193366
-42.92768223,-281.84021473
-42.72851615,-281.85846109
-42.52934737,-281.87667694
-42.33017624,-281.89486647
-42.13100315,-281.91303388
-41.93182847,-281.93118337
-41.73265257,-281.94931913
-41.53347583,-281.96744535
-41.33429861,-281.98556624
