-713.75240249,791.16705522
-713.75380668,790.96706015
-713.75521216,790.76706509
-713.75662023,790.56707004
-713.75803220,790.36707503
-713.75944935,790.16708005
-713.76087299,789.96708512
-713.76230441,789.76709024
-713.76374491,789.56709543
-713.76519578,789.36710069
-713.76665833,789.16710603
-713.76813397,788.96711146
-713.76962525,788.76711701
-713.77113528,788.56712270
-713.77266718,788.36712856
-713.77422405,788.16713461
-713.77580902,787.96714088
-713.77742520,787.76714740
-713.77907571,787.56715420
-713.78076367,787.36716129
-713.78249218,787.16716871
-713.78426437,786.96717649
-713.78607951,786.76718461
-713.78792647,786.56719300
-713.78979235,786.36720155
-713.79166423,786.16721017
-713.79352921,785.96721874
-713.79537438,785.76722718
-713.79718685,785.56723538
-713.79895369,785.36724323
-713.80066201,785.16725065
-713.80229890,784.96725753
-713.80385148,784.76726376
-713.80531365,784.56726930
-713.80669570,784.36727424
-713.80801035,784.16727865
-713.80927031,783.96728264
-713.81048831,783.76728630
-713.81167707,783.56728974
-713.81284929,783.36729303
-713.81401771,783.16729629
-713.81519504,782.96729961
-713.81639400,782.76730307
-713.81762689,782.56730678
-713.81889810,782.36731077
-713.82020482,782.16731501
-713.82154395,781.96731948
-713.82291243,781.76732416
-713.82430716,781.56732903
-713.82572507,781.36733407
-713.82716307,781.16733924
-713.82861808,780.96734453
-713.83008702,780.76734992
-713.83156684,780.56735538
-713.83305623,780.36736090
-713.83455669,780.16736650
-713.83607001,779.96737219
-713.83759794,779.76737800
-713.83914224,779.56738395
-713.84070469,779.36739004
-713.84228705,779.16739630
-713.84389108,778.96740274
-713.84551855,778.76740938
-713.84717123,778.56741625
-713.84885031,778.36742334
-713.85055410,778.16743065
-713.85227995,777.96743815
-713.85402522,777.76744581
-713.85578727,777.56745360
-713.85756345,777.36746150
-713.85935112,777.16746948
-713.86114764,776.96747752
-713.86295036,776.76748558
-713.86475665,776.56749364
-713.86656383,776.36750168
-713.86836730,776.16750965
-713.87015978,775.96751752
-713.87193378,775.76752523
-713.87368182,775.56753274
-713.87539640,775.36753999
-713.87707003,775.16754695
-713.87869523,774.96755356
-713.88026450,774.76755978
-713.88177035,774.56756555
-713.88320530,774.36757083
-713.88456278,774.16757559
-713.88584662,773.96757984
-713.88706722,773.76758365
-713.88823507,773.56758710
-713.88936068,773.36759026
-713.89045454,773.16759320
-713.89152716,772.96759599
-713.89258903,772.76759870
-713.89365065,772.56760141
-713.89472252,772.36760417
-713.89581513,772.16760708
-713.89693750,771.96761017
-713.89808967,771.76761347
-713.89926832,771.56761693
-713.90047016,771.36762055
-713.90169187,771.16762429
-713.90293016,770.96762814
-713.90418170,770.76763206
-713.90544320,770.56763605
-713.90671135,770.36764007
-713.90798285,770.16764410
-713.90925437,769.96764812
-713.91052360,769.76765212
-713.91179341,769.56765611
-713.91306838,769.36766013
-713.91435313,769.16766421
-713.91565225,768.96766840
-713.91697034,768.76767272
-713.91831201,768.56767721
-713.91968185,768.36768190
-713.92108447,768.16768684
-713.92252446,767.96769204
-713.92400642,767.76769756
-713.92553431,767.56770342
-713.92710709,767.36770961
-713.92872139,767.16771612
-713.93037385,766.96772293
-713.93206111,766.76773001
-713.93377980,766.56773735
-713.93552655,766.36774492
-713.93729799,766.16775272
-713.93909075,765.96776071
-713.94090148,765.76776888
-713.94272679,765.56777721
-713.94456339,765.36778568
-713.94640898,765.16779426
-713.94826217,764.96780293
-713.95012157,764.76781168
-713.95198583,764.56782046
-713.95385355,764.36782926
-713.95572338,764.16783805
-713.95759393,763.96784681
-713.95946383,763.76785551
-713.96133171,763.56786413
-713.96319619,763.36787264
-713.96505594,763.16788102
-713.96691392,762.96788931
-713.96878187,762.76789764
-713.97067255,762.56790620
-713.97259874,762.36791515
-713.97457320,762.16792466
-713.97660872,761.96793489
-713.97871805,761.76794600
-713.98091398,761.56795818
-713.98320927,761.36797158
-713.98561670,761.16798637
-713.98814825,760.96800271
-713.99079865,760.76802054
-713.99354596,760.56803957
-713.99636758,760.36805951
-713.99924087,760.16808008
-714.00214322,759.96810100
-714.00505202,759.76812197
-714.00794464,759.56814270
-714.01079846,759.36816291
-714.01359088,759.16818231
-714.01629972,758.96820062
-714.01891969,758.76821777
-714.02146682,758.56823398
-714.02395849,758.36824946
-714.02641207,758.16826446
-714.02884497,757.96827920
-714.03127454,757.76829391
-714.03371820,757.56830881
-714.03619331,757.36832414
-714.03871725,757.16834012
-714.04130739,756.96835698
-714.04397347,756.76837484
-714.04670883,756.56839363
-714.04950468,756.36841323
-714.05235222,756.16843351
-714.05524264,755.96845437
-714.05816715,755.76847568
-714.06111695,755.56849733
-714.06408323,755.36851921
-714.06705719,755.16854120
-714.07003004,754.96856319
-714.07299392,754.76858506
-714.07594585,754.56860678
-714.07888441,754.36862833
-714.08180818,754.16864968
-714.08471576,753.96867081
-714.08760572,753.76869170
-714.09047665,753.56871233
-714.09332712,753.36873267
-714.09615573,753.16875271
-714.09896106,752.96877242
-714.10174172,752.76879177
-714.10449706,752.56881077
-714.10722713,752.36882941
-714.10993203,752.16884770
-714.11261182,751.96886565
-714.11526659,751.76888325
-714.11789643,751.56890052
-714.12050140,751.36891746
-714.12308160,751.16893407
-714.12563709,750.96895036
-714.12816798,750.76896633
-714.13067385,750.56898199
-714.13315237,750.36899730
-714.13560066,750.16901225
-714.13801587,749.96902679
-714.14039512,749.76904092
-714.14273556,749.56905459
-714.14503433,749.36906778
-714.14728855,749.16908046
-714.14949536,748.96909260
-714.15165190,748.76910417
-714.15375532,748.56911516
-714.15580327,748.36912553
-714.15779413,748.16913531
-714.15972637,747.96914451
-714.16159845,747.76915314
-714.16340883,747.56916120
-714.16515595,747.36916872
-714.16683828,747.16917570
-714.16845427,746.96918216
-714.17000238,746.76918810
-714.17148108,746.56919355
-714.17288906,746.36919850
-714.17422866,746.16920300
-714.17550484,745.96920708
-714.17672262,745.76921079
-714.17788703,745.56921415
-714.17900309,745.36921721
-714.18007583,745.16922002
-714.18111026,744.96922260
-714.18211142,744.76922501
-714.18308432,744.56922727
-714.18403400,744.36922944
-714.18496520,744.16923154
-714.18588056,743.96923359
-714.18678171,743.76923560
-714.18767031,743.56923757
-714.18854800,743.36923950
-714.18941642,743.16924140
-714.19027721,742.96924327
-714.19113203,742.76924512
-714.19198251,742.56924694
-714.19283029,742.36924875
-714.19367703,742.16925055
-714.19452390,741.96925235
-714.19536930,741.76925412
-714.19621058,741.56925588
-714.19704508,741.36925760
-714.19787014,741.16925929
-714.19868312,740.96926093
-714.19948135,740.76926251
-714.20026218,740.56926403
-714.20102295,740.36926548
-714.20176102,740.16926685
-714.20247371,739.96926814
-714.20315893,739.76926932
-714.20381804,739.56927042
-714.20445385,739.36927144
-714.20506915,739.16927239
-714.20566675,738.96927328
-714.20624943,738.76927412
-714.20681999,738.56927493
-714.20738124,738.36927570
-714.20793596,738.16927645
-714.20848696,737.96927719
-714.20903703,737.76927793
-714.20958878,737.56927869
-714.21014281,737.36927945
-714.21069860,737.16928022
-714.21125562,736.96928100
-714.21181333,736.76928178
-714.21237120,736.56928256
-714.21292869,736.36928335
-714.21348527,736.16928412
-714.21404039,735.96928490
-714.21459353,735.76928566
-714.21514414,735.56928641
-714.21569178,735.36928715
-714.21623790,735.16928788
-714.21678584,734.96928862
-714.21733906,734.76928937
-714.21790098,734.56929014
-714.21847505,734.36929095
-714.21906470,734.16929182
-714.21967339,733.96929274
-714.22030453,733.76929374
-714.22096158,733.56929482
-714.22164797,733.36929600
-714.22236713,733.16929729
-714.22312141,732.96929870
-714.22391100,732.76930023
-714.22473589,732.56930190
-714.22559602,732.36930371
-714.22649138,732.16930568
-714.22742192,731.96930780
-714.22838761,731.76931009
-714.22938841,731.56931255
-714.23042430,731.36931520
-714.23149524,731.16931804
-714.23260118,730.96932108
-714.23374163,730.76932432
-714.23491458,730.56932775
-714.23611775,730.36933137
-714.23734887,730.16933515
-714.23860565,729.96933909
-714.23988580,729.76934318
-714.24118706,729.56934739
-714.24250713,729.36935173
-714.24384374,729.16935618
-714.24519461,728.96936072
-714.24655746,728.76936534
-714.24793035,728.56937004
-714.24931249,728.36937481
-714.25070333,728.16937964
-714.25210228,727.96938453
-714.25350880,727.76938948
-714.25492230,727.56939447
-714.25634223,727.36939952
-714.25776803,727.16940460
-714.25919911,726.96940973
-714.26063493,726.76941488
-714.26207491,726.56942007
-714.26351858,726.36942529
-714.26496562,726.16943053
-714.26641576,725.96943579
-714.26786871,725.76944107
-714.26932419,725.56944636
-714.27078190,725.36945168
-714.27224156,725.16945700
-714.27370290,724.96946234
-714.27516562,724.76946768
-714.27662944,724.56947303
-714.27809412,724.36947839
-714.27956041,724.16948376
-714.28102984,723.96948914
-714.28250399,723.76949457
-714.28398440,723.56950004
-714.28547266,723.36950558
-714.28697033,723.16951118
-714.28847897,722.96951687
-714.29000014,722.76952266
-714.29153543,722.56952856
-714.29308638,722.36953459
-714.29465382,722.16954074
-714.29623588,721.96954700
-714.29783012,721.76955337
-714.29943409,721.56955980
-714.30104535,721.36956630
-714.30266144,721.16957282
-714.30427994,720.96957937
-714.30589838,720.76958591
-714.30751432,720.56959243
-714.30912532,720.36959890
-714.31072926,720.16960532
-714.31232800,719.96961169
-714.31392615,719.76961806
-714.31552833,719.56962446
-714.31713919,719.36963093
-714.31876335,719.16963752
-714.32040545,718.96964426
-714.32207012,718.76965120
-714.32376201,718.56965836
-714.32548574,718.36966580
-714.32724581,718.16967354
-714.32904099,717.96968158
-714.33086271,717.76968985
-714.33270187,717.56969827
-714.33454942,717.36970677
-714.33639625,717.16971526
-714.33823331,716.96972368
-714.34005151,716.76973195
-714.34184177,716.56973999
-714.34359503,716.36974772
-714.34530223,716.16975508
-714.34695819,715.96976202
-714.34856479,715.76976854
-714.35012465,715.56977469
-714.35164040,715.36978046
-714.35311466,715.16978590
-714.35455006,714.96979101
-714.35594923,714.76979582
-714.35731479,714.56980036
-714.35864936,714.36980463
-714.35995560,714.16980867
-714.36123922,713.96981252
-714.36251230,713.76981629
-714.36378769,713.56982008
-714.36507824,713.36982402
-714.36639681,713.16982820
-714.36775624,712.96983275
-714.36916940,712.76983777
-714.37064913,712.56984337
-714.37220829,712.36984967
-714.37385972,712.16985678
-714.37561556,711.96986480
-714.37747375,711.76987372
-714.37941953,711.56988339
-714.38143766,711.36989369
-714.38351291,711.16990447
-714.38563002,710.96991560
-714.38777378,710.76992695
-714.38992894,710.56993837
-714.39208026,710.36994973
-714.39421252,710.16996089
-714.39631047,709.96997172
-714.39835890,709.76998207
-714.40034926,709.56999189
-714.40228956,709.37000123
-714.40419030,709.17001021
-714.40606199,708.97001892
-714.40791516,708.77002748
-714.40976030,708.57003597
-714.41160793,708.37004451
-714.41346857,708.17005318
-714.41535272,707.97006211
-714.41727090,707.77007138
-714.41923362,707.57008110
-714.42124993,707.37009135
-714.42331723,707.17010212
-714.42542728,706.97011330
-714.42757180,706.77012483
-714.42974253,706.57013661
-714.43193119,706.37014857
-714.43412951,706.17016061
-714.43632922,705.97017266
-714.43852204,705.77018462
-714.44069971,705.57019642
-714.44285394,705.37020797
-714.44497664,705.17021918
-714.44706627,704.97023005
-714.44913002,704.77024065
-714.45117567,704.57025107
-714.45321100,704.37026139
-714.45524380,704.17027169
-714.45728185,703.97028206
-714.45933294,703.77029257
-714.46140483,703.57030333
-714.46350533,703.37031440
-714.46564221,703.17032587
-714.46782325,702.97033783
-714.47005394,702.77035034
-714.47233051,702.57036334
-714.47464684,702.37037679
-714.47699683,702.17039060
-714.47937438,701.97040472
-714.48177336,701.77041908
-714.48418769,701.57043360
-714.48661124,701.37044823
-714.48903791,701.17046290
-714.49146159,700.97047753
-714.49387703,700.77049208
-714.49628262,700.57050652
-714.49867771,700.37052084
-714.50106164,700.17053504
-714.50343377,699.97054911
-714.50579343,699.77056304
-714.50813998,699.57057681
-714.51047277,699.37059043
-714.51279114,699.17060388
-714.51509444,698.97061716
-714.51738225,698.77063026
-714.51965533,698.57064318
-714.52191477,698.37065595
-714.52416166,698.17066857
-714.52639711,697.97068106
-714.52862220,697.77069343
-714.53083803,697.57070569
-714.53304570,697.37071787
-714.53524631,697.17072997
-714.53744094,696.97074201
-714.53963048,696.77075399
-714.54181441,696.57076592
-714.54399174,696.37077777
-714.54616149,696.17078954
-714.54832264,695.97080122
-714.55047421,695.77081280
-714.55261520,695.57082426
-714.55474462,695.37083559
-714.55686145,695.17084679
-714.55896472,694.97085783
-714.56105328,694.77086871
-714.56312488,694.57087941
-714.56517680,694.37088990
-714.56720630,694.17090017
-714.56921064,693.97091019
-714.57118707,693.77091994
-714.57313288,693.57092939
-714.57504531,693.37093853
-714.57692163,693.17094733
-714.57875910,692.97095577
-714.58055520,692.77096383
-714.58230956,692.57097151
-714.58402314,692.37097884
-714.58569690,692.17098581
-714.58733180,691.97099246
-714.58892881,691.77099880
-714.59048889,691.57100485
-714.59201301,691.37101061
-714.59350214,691.17101612
-714.59495722,690.97102137
-714.59637925,690.77102640
-714.59776936,690.57103122
-714.59912880,690.37103582
-714.60045884,690.17104024
-714.60176075,689.97104447
-714.60303580,689.77104852
-714.60428526,689.57105241
-714.60551039,689.37105615
-714.60671246,689.17105975
-714.60789274,688.97106321
-714.60905244,688.77106655
-714.61019155,688.57106977
-714.61130867,688.37107286
-714.61240230,688.17107583
-714.61347098,687.97107867
-714.61451322,687.77108137
-714.61552753,687.57108393
-714.61651244,687.37108635
-714.61746648,687.17108861
-714.61838815,686.97109072
-714.61927598,686.77109267
-714.62012877,686.57109446
-714.62094624,686.37109610
-714.62172831,686.17109759
-714.62247489,685.97109894
-714.62318588,685.77110016
-714.62386121,685.57110125
-714.62450077,685.37110223
-714.62510449,685.17110311
-714.62567227,684.97110388
-714.62620403,684.77110457
-714.62669967,684.57110517
-714.62715931,684.37110569
-714.62758485,684.17110615
-714.62797914,683.97110654
-714.62834505,683.77110688
-714.62868542,683.57110717
-714.62900313,683.37110741
-714.62930102,683.17110762
-714.62958197,682.97110780
-714.62984882,682.77110795
-714.63010444,682.57110809
-714.63035169,682.37110821
-714.63059331,682.17110833
-714.63083021,681.97110845
-714.63106164,681.77110857
-714.63128681,681.57110869
-714.63150494,681.37110880
-714.63171525,681.17110890
-714.63191693,680.97110901
-714.63210921,680.77110910
-714.63229130,680.57110920
-714.63246242,680.37110928
-714.63262176,680.17110936
-714.63276858,679.97110943
-714.63290291,679.77110950
-714.63302554,679.57110956
-714.63313733,679.37110960
-714.63323911,679.17110964
-714.63333173,678.97110967
-714.63341604,678.77110969
-714.63349287,678.57110970
-714.63356307,678.37110969
-714.63362749,678.17110968
-714.63368696,677.97110965
-714.63374247,677.77110961
-714.63379724,677.57110956
-714.63385631,677.37110951
-714.63392477,677.17110947
-714.63400771,676.97110944
-714.63411021,676.77110944
-714.63423737,676.57110947
-714.63439427,676.37110954
-714.63458601,676.17110966
-714.63481767,675.97110983
-714.63509435,675.77111007
-714.63541976,675.57111037
-714.63578869,675.37111074
-714.63619232,675.17111116
-714.63662186,674.97111162
-714.63706850,674.77111210
-714.63752343,674.57111258
-714.63797783,674.37111307
-714.63842290,674.17111354
-714.63884984,673.97111398
-714.63924983,673.77111438
-714.63961406,673.57111473
-714.63993661,673.37111501
-714.64021993,673.17111523
-714.64046802,672.97111540
-714.64068487,672.77111552
-714.64087446,672.57111561
-714.64104079,672.37111566
-714.64118784,672.17111569
-714.64131961,671.97111569
-714.64144008,671.77111569
-714.64155325,671.57111568
-714.64166308,671.37111566
-714.64177143,671.17111566
-714.64187644,670.97111566
-714.64197584,670.77111566
-714.64206741,670.57111567
-714.64214888,670.37111568
-714.64221801,670.17111569
-714.64227256,669.97111570
-714.64231027,669.77111572
-714.64232890,669.57111574
-714.64232620,669.37111576
-714.64229994,669.17111578
-714.64224975,668.97111580
-714.64217808,668.77111582
-714.64208765,668.57111584
-714.64198118,668.37111587
-714.64186138,668.17111589
-714.64173096,667.97111592
-714.64159264,667.77111596
-714.64144914,667.57111600
-714.64130317,667.37111604
-714.64115744,667.17111609
-714.64101467,666.97111615
-714.64087693,666.77111621
-714.64074503,666.57111627
-714.64061961,666.37111634
-714.64050133,666.17111640
-714.64039085,665.97111645
-714.64028881,665.77111649
-714.64019588,665.57111652
-714.64011269,665.37111653
-714.64003992,665.17111651
-714.63997821,664.97111648
-714.63992821,664.77111641
-714.63989142,664.57111632
-714.63987253,664.37111620
-714.63987699,664.17111609
-714.63991027,663.97111599
-714.63997780,663.77111591
-714.64008506,663.57111588
-714.64023748,663.37111590
-714.64044053,663.17111599
-714.64069966,662.97111617
-714.64102032,662.77111645
-714.64140796,662.57111684
-714.64186770,662.37111735
-714.64240073,662.17111802
-714.64300574,661.97111886
-714.64368137,661.77111991
-714.64442629,661.57112118
-714.64523914,661.37112270
-714.64611857,661.17112450
-714.64706324,660.97112660
-714.64807180,660.77112903
-714.64914289,660.57113182
-714.65027504,660.37113498
-714.65146511,660.17113851
-714.65270875,659.97114238
-714.65400159,659.77114657
-714.65533928,659.57115105
-714.65671745,659.37115579
-714.65813173,659.17116076
-714.65957776,658.97116594
-714.66105117,658.77117129
-714.66254760,658.57117679
-714.66406288,658.37118241
-714.66559718,658.17118817
-714.66715508,657.97119412
-714.66874136,657.77120030
-714.67036080,657.57120677
-714.67201818,657.37121358
-714.67371827,657.17122078
-714.67546585,656.97122843
-714.67726570,656.77123658
-714.67912261,656.57124528
-714.68104129,656.37125458
-714.68302202,656.17126448
-714.68505686,655.97127491
-714.68713701,655.77128579
-714.68925364,655.57129701
-714.69139796,655.37130849
-714.69356115,655.17132015
-714.69573439,654.97133189
-714.69790887,654.77134363
-714.70007579,654.57135527
-714.70222633,654.37136674
-714.70435421,654.17137796
-714.70646464,653.97138900
-714.70856605,653.77139996
-714.71066688,653.57141092
-714.71277558,653.37142199
-714.71490059,653.17143327
-714.71705035,652.97144484
-714.71923331,652.77145680
-714.72145790,652.57146925
-714.72373257,652.37148229
-714.72606533,652.17149600
-714.72845620,651.97151038
-714.73089804,651.77152536
-714.73338346,651.57154084
-714.73590507,651.37155674
-714.73845548,651.17157298
-714.74102731,650.97158946
-714.74361316,650.77160610
-714.74620564,650.57162281
-714.74879737,650.37163952
-714.75138096,650.17165612
-714.75395098,649.97167257
-714.75650956,649.77168889
-714.75906061,649.57170512
-714.76160807,649.37172133
-714.76415587,649.17173755
-714.76670793,648.97175383
-714.76926819,648.77177024
-714.77184056,648.57178681
-714.77442898,648.37180360
-714.77703738,648.17182066
-714.77966961,647.97183803
-714.78232677,647.77185573
-714.78500625,647.57187372
-714.78770518,647.37189197
-714.79042069,647.17191043
-714.79314991,646.97192906
-714.79588998,646.77194782
-714.79863802,646.57196668
-714.80139117,646.37198560
-714.80414656,646.17200453
-714.80690132,645.97202343
-714.80965247,645.77204227
-714.81239593,645.57206100
-714.81512683,645.37207955
-714.81784031,645.17209788
-714.82053152,644.97211592
-714.82319560,644.77213362
-714.82582767,644.57215092
-714.82842288,644.37216777
-714.83097638,644.17218411
-714.83348329,643.97219988
-714.83593875,643.77221503
-714.83833909,643.57222951
-714.84068772,643.37224336
-714.84299072,643.17225667
-714.84525415,642.97226950
-714.84748411,642.77228193
-714.84968666,642.57229402
-714.85186788,642.37230587
-714.85403385,642.17231753
-714.85619065,641.97232908
-714.85834435,641.77234060
-714.86050102,641.57235217
-714.86266502,641.37236382
-714.86483542,641.17237556
-714.86701027,640.97238736
-714.86918765,640.77239920
-714.87136561,640.57241106
-714.87354223,640.37242291
-714.87571556,640.17243474
-714.87788367,639.97244651
-714.88004463,639.77245822
-714.88219650,639.57246983
-714.88433737,639.37248132
-714.88646657,639.17249269
-714.88858488,638.97250394
-714.89069317,638.77251508
-714.89279230,638.57252612
-714.89488316,638.37253706
-714.89696661,638.17254791
-714.89904352,637.97255868
-714.90111477,637.77256938
-714.90318123,637.57258001
-714.90524376,637.37259058
-714.90730240,637.17260110
-714.90935245,636.97261151
-714.91138760,636.77262178
-714.91340156,636.57263184
-714.91538801,636.37264165
-714.91734064,636.17265115
-714.91925314,635.97266029
-714.92111921,635.77266901
-714.92293254,635.57267727
-714.92468681,635.37268500
-714.92637588,635.17269217
-714.92799719,634.97269875
-714.92955187,634.77270478
-714.93104117,634.57271029
-714.93246639,634.37271531
-714.93382878,634.17271986
-714.93512963,633.97272397
-714.93637022,633.77272769
-714.93755181,633.57273103
-714.93867568,633.37273403
-714.93974310,633.17273671
-714.94075462,632.97273911
-714.94170941,632.77274124
-714.94260649,632.57274312
-714.94344484,632.37274476
-714.94422348,632.17274618
-714.94494141,631.97274740
-714.94559763,631.77274843
-714.94619116,631.57274930
-714.94672100,631.37275000
-714.94718615,631.17275057
-714.94758719,630.97275102
-714.94792950,630.77275136
-714.94821937,630.57275161
-714.94846311,630.37275177
-714.94866702,630.17275186
-714.94883739,629.97275189
-714.94898052,629.77275188
-714.94910271,629.57275184
-714.94921025,629.37275177
-714.94930944,629.17275170
-714.94940599,628.97275164
-714.94949966,628.77275158
-714.94958688,628.57275154
-714.94966405,628.37275150
-714.94972756,628.17275148
-714.94977380,627.97275147
-714.94979916,627.77275148
-714.94980003,627.57275150
-714.94977281,627.37275153
-714.94971389,627.17275158
-714.94961965,626.97275164
-714.94948654,626.77275173
-714.94931306,626.57275183
-714.94910058,626.37275195
-714.94885070,626.17275211
-714.94856500,625.97275229
-714.94824508,625.77275252
-714.94789252,625.57275279
-714.94750891,625.37275311
-714.94709584,625.17275348
-714.94665490,624.97275390
-714.94618768,624.77275439
-714.94569577,624.57275495
-714.94518208,624.37275557
-714.94465316,624.17275624
-714.94411617,623.97275694
-714.94357829,623.77275765
-714.94304668,623.57275836
-714.94252850,623.37275904
-714.94203094,623.17275967
-714.94156116,622.97276024
-714.94112632,622.77276072
-714.94073360,622.57276109
-714.94039016,622.37276135
-714.94010244,622.17276147
-714.93987335,621.97276147
-714.93970478,621.77276139
-714.93959861,621.57276126
-714.93955674,621.37276110
-714.93958103,621.17276094
-714.93967338,620.97276083
-714.93983566,620.77276077
-714.94006978,620.57276081
-714.94037759,620.37276098
-714.94076100,620.17276131
-714.94122135,619.97276181
-714.94175528,619.77276251
-714.94235702,619.57276339
-714.94302079,619.37276445
-714.94374079,619.17276568
-714.94451123,618.97276708
-714.94532632,618.77276864
-714.94618026,618.57277036
-714.94706727,618.37277224
-714.94798154,618.17277426
-714.94891730,617.97277643
-714.94986874,617.77277873
-714.95083012,617.57278113
-714.95179572,617.37278360
-714.95275981,617.17278609
-714.95371668,616.97278853
-714.95466061,616.77279090
-714.95558589,616.57279313
-714.95648679,616.37279519
-714.95735760,616.17279701
-714.95819259,615.97279857
-714.95898606,615.77279980
-714.95973238,615.57280065
-714.96043526,615.37280117
-714.96111493,615.17280149
-714.96179329,614.97280180
-714.96249226,614.77280225
-714.96323377,614.57280303
-714.96403971,614.37280429
-714.96493202,614.17280620
-714.96593260,613.97280895
-714.96706337,613.77281268
-714.96834625,613.57281758
-714.96980315,613.37282382
-714.97144811,613.17283149
-714.97326204,612.97284045
-714.97521715,612.77285047
-714.97728562,612.57286133
-714.97943968,612.37287281
-714.98165152,612.17288468
-714.98389334,611.97289672
-714.98613734,611.77290870
-714.98835573,611.57292041
-714.99052071,611.37293162
-714.99260449,611.17294211
-714.99458112,610.97295166
-714.99645113,610.77296030
-714.99823471,610.57296820
-714.99995252,610.37297553
-715.00162523,610.17298250
-715.00327349,609.97298926
-715.00491798,609.77299601
-715.00657934,609.57300293
-715.00827824,609.37301020
-715.01003535,609.17301800
-715.01187008,608.97302649
-715.01378204,608.77303569
-715.01575490,608.57304543
-715.01777192,608.37305556
-715.01981632,608.17306595
-715.02187135,607.97307643
-715.02392024,607.77308685
-715.02594623,607.57309707
-715.02793256,607.37310694
-715.02986246,607.17311629
-715.03171974,606.97312500
-715.03350068,606.77313302
-715.03521381,606.57314043
-715.03686820,606.37314731
-715.03847289,606.17315375
-715.04003693,605.97315983
-715.04156939,605.77316562
-715.04307932,605.57317121
-715.04457576,605.37317669
-715.04606778,605.17318213
-715.04756431,604.97318761
-715.04906850,604.77319317
-715.05057560,604.57319877
-715.05208024,604.37320437
-715.05357708,604.17320994
-715.05506075,603.97321544
-715.05652591,603.77322082
-715.05796719,603.57322605
-715.05937925,603.37323110
-715.06075673,603.17323591
-715.06209430,602.97324045
-715.06338999,602.77324471
-715.06464949,602.57324873
-715.06587953,602.37325254
-715.06708683,602.17325619
-715.06827813,601.97325973
-715.06946015,601.77326320
-715.07063961,601.57326664
-715.07182326,601.37327010
-715.07301781,601.17327363
-715.07422999,600.97327725
-715.07546559,600.77328103
-715.07672656,600.57328496
-715.07801384,600.37328906
-715.07932840,600.17329335
-715.08067119,599.97329784
-715.08204317,599.77330253
-715.08344528,599.57330743
-715.08487848,599.37331257
-715.08634373,599.17331794
-715.08784198,598.97332356
-715.08937360,598.77332944
-715.09093527,598.57333555
-715.09252231,598.37334186
-715.09413003,598.17334833
-715.09575373,597.97335491
-715.09738872,597.77336159
-715.09903030,597.57336831
-715.10067378,597.37337505
-715.10231447,597.17338177
-715.10394767,596.97338842
-715.10556880,596.77339499
-715.10717639,596.57340144
-715.10877229,596.37340781
-715.11035848,596.17341410
-715.11193697,595.97342033
-715.11350976,595.77342651
-715.11507885,595.57343267
-715.11664624,595.37343881
-715.11821393,595.17344496
-715.11978393,594.97345112
-715.12135823,594.77345732
-715.12293884,594.57346356
-715.12452752,594.37346987
-715.12612543,594.17347625
-715.12773366,593.97348271
-715.12935326,593.77348926
-715.13098530,593.57349592
-715.13263086,593.37350268
-715.13429099,593.17350957
-715.13596678,592.97351659
-715.13765929,592.77352374
-715.13936958,592.57353105
-715.14109873,592.37353851
-715.14284690,592.17354613
-715.14461005,591.97355388
-715.14638290,591.77356172
-715.14816016,591.57356959
-715.14993655,591.37357746
-715.15170678,591.17358528
-715.15346557,590.97359301
-715.15520763,590.77360060
-715.15692769,590.57360801
-715.15862044,590.37361520
-715.16028062,590.17362213
-715.16190407,589.97362875
-715.16349347,589.77363509
-715.16505405,589.57364120
-715.16659104,589.37364711
-715.16810966,589.17365287
-715.16961513,588.97365853
-715.17111269,588.77366411
-715.17260756,588.57366967
-715.17410498,588.37367526
-715.17561015,588.17368090
-715.17712832,587.97368665
-715.17866359,587.77369253
-715.18021485,587.57369855
-715.18177946,587.37370467
-715.18335479,587.17371088
-715.18493822,586.97371715
-715.18652710,586.77372346
-715.18811881,586.57372980
-715.18971071,586.37373614
-715.19130017,586.17374245
-715.19288455,585.97374872
-715.19446122,585.77375493
-715.19602785,585.57376105
-715.19758292,585.37376708
-715.19912510,585.17377301
-715.20065303,584.97377883
-715.20216538,584.77378453
-715.20366080,584.57379011
-715.20513793,584.37379556
-715.20659545,584.17380087
-715.20803199,583.97380603
-715.20944622,583.77381104
-715.21083683,583.57381589
-715.21220442,583.37382057
-715.21355238,583.17382512
-715.21488430,582.97382957
-715.21620376,582.77383392
-715.21751435,582.57383821
-715.21881968,582.37384247
-715.22012332,582.17384671
-715.22142886,581.97385096
-715.22273991,581.77385525
-715.22406004,581.57385960
-715.22539248,581.37386402
-715.22673625,581.17386853
-715.22808781,580.97387308
-715.22944357,580.77387767
-715.23079996,580.57388226
-715.23215337,580.37388683
-715.23350024,580.17389137
-715.23483696,579.97389584
-715.23615996,579.77390023
-715.23746565,579.57390450
-715.23875044,579.37390864
-715.24001198,579.17391264
-715.24125187,578.97391649
-715.24247248,578.77392023
-715.24367621,578.57392386
-715.24486544,578.37392739
-715.24604255,578.17393085
-715.24720992,577.97393424
-715.24836994,577.77393759
-715.24952499,577.57394091
-715.25067745,577.37394421
-715.25182972,577.17394751
-715.25298405,576.97395082
-715.25414264,576.77395416
-715.25530766,576.57395755
-715.25648130,576.37396098
-715.25766572,576.17396448
-715.25886310,575.97396807
-715.26007563,575.77397175
-715.26130548,575.57397554
-715.26255482,575.37397945
-715.26382584,575.17398350
-715.26512019,574.97398769
-715.26643744,574.77399203
-715.26777663,574.57399652
-715.26913678,574.37400114
-715.27051694,574.17400589
-715.27191614,573.97401077
-715.27333341,573.77401578
-715.27476779,573.57402091
-715.27621831,573.37402615
-715.27768400,573.17403151
-715.27916392,572.97403697
-715.28065752,572.77404254
-715.28216469,572.57404821
-715.28368533,572.37405399
-715.28521933,572.17405987
-715.28676660,571.97406585
-715.28832703,571.77407194
-715.28990053,571.57407813
-715.29148700,571.37408442
-715.29308634,571.17409081
-715.29469844,570.97409730
-715.29632348,570.77410389
-715.29796274,570.57411060
-715.29961782,570.37411744
-715.30129030,570.17412442
-715.30298179,569.97413156
-715.30469387,569.77413889
-715.30642814,569.57414640
-715.30818618,569.37415412
-715.30996960,569.17416206
-715.31177998,568.97417024
-715.31361891,568.77417867
-715.31548753,568.57418737
-715.31738646,568.37419635
-715.31931628,568.17420562
-715.32127758,567.97421520
-715.32327094,567.77422510
-715.32529693,567.57423533
-715.32735614,567.37424591
-715.32944916,567.17425685
-715.33157656,566.97426815
-715.33373892,566.77427984
-715.33593649,566.57429193
-715.33816706,566.37430438
-715.34042737,566.17431716
-715.34271416,565.97433025
-715.34502415,565.77434359
-715.34735408,565.57435715
-715.34970068,565.37437091
-715.35206069,565.17438481
-715.35443084,564.97439883
-715.35680786,564.77441292
-715.35918850,564.57442705
-715.36157102,564.37444121
-715.36395718,564.17445541
-715.36634920,563.97446969
-715.36874932,563.77448406
-715.37115977,563.57449858
-715.37358277,563.37451325
-715.37602056,563.17452811
-715.37847537,562.97454319
-715.38094943,562.77455852
-715.38344496,562.57457413
-715.38596414,562.37459004
-715.38850788,562.17460627
-715.39107600,561.97462281
-715.39366826,561.77463965
-715.39628444,561.57465680
-715.39892431,561.37467424
-715.40158766,561.17469197
-715.40427424,560.97470998
-715.40698385,560.77472827
-715.40971624,560.57474684
-715.41247119,560.37476568
-715.41524731,560.17478476
-715.41803597,559.97480400
-715.42082584,559.77482324
-715.42360556,559.57484237
-715.42636381,559.37486124
-715.42908922,559.17487972
-715.43177045,558.97489767
-715.43439616,558.77491497
-715.43695500,558.57493148
-715.43943563,558.37494706
-715.44182671,558.17496159
-715.44412329,557.97497499
-715.44633712,557.77498741
-715.44848270,557.57499902
-715.45057451,557.37500998
-715.45262703,557.17502046
-715.45465474,556.97503064
-715.45667212,556.77504067
-715.45869366,556.57505074
-715.46073384,556.37506100
-715.46280713,556.17507163
-715.46492756,555.97508278
-715.46709772,555.77509450
-715.46930843,555.57510668
-715.47154997,555.37511921
-715.47381262,555.17513199
-715.47608666,554.97514491
-715.47836237,554.77515785
-715.48063003,554.57517072
-715.48287992,554.37518341
-715.48510231,554.17519580
-715.48728749,553.97520780
-715.48942774,553.77521931
-715.49152574,553.57523036
-715.49358761,553.37524102
-715.49561944,553.17525136
-715.49762733,552.97526143
-715.49961738,552.77527131
-715.50159570,552.57528106
-715.50356837,552.37529075
-715.50554151,552.17530043
-715.50752121,551.97531018
-715.50951345,551.77532007
-715.51151959,551.57533009
-715.51353517,551.37534022
-715.51555533,551.17535040
-715.51757523,550.97536059
-715.51959002,550.77537074
-715.52159486,550.57538079
-715.52358488,550.37539070
-715.52555526,550.17540043
-715.52750113,549.97540992
-715.52941765,549.77541913
-715.53130094,549.57542801
-715.53315126,549.37543658
-715.53497000,549.17544485
-715.53675858,548.97545283
-715.53851840,548.77546056
-715.54025084,548.57546804
-715.54195732,548.37547528
-715.54363924,548.17548232
-715.54529800,547.97548917
-715.54693499,547.77549584
-715.54855159,547.57550235
-715.55014888,547.37550872
-715.55172764,547.17551494
-715.55328871,546.97552103
-715.55483288,546.77552699
-715.55636095,546.57553283
-715.55787375,546.37553855
-715.55937208,546.17554416
-715.56085674,545.97554967
-715.56232854,545.77555508
-715.56378829,545.57556039
-715.56523598,545.37556562
-715.56667035,545.17557075
-715.56808997,544.97557577
-715.56949346,544.77558068
-715.57087940,544.57558548
-715.57224638,544.37559014
-715.57359301,544.17559467
-715.57491788,543.97559906
-715.57621957,543.77560329
-715.57749670,543.57560737
-715.57874839,543.37561129
-715.57997545,543.17561506
-715.58117898,542.97561868
-715.58236009,542.77562216
-715.58351989,542.57562551
-715.58465949,542.37562875
-715.58578001,542.17563187
-715.58688255,541.97563489
-715.58796822,541.77563782
-715.58903814,541.57564067
-715.59009370,541.37564345
-715.59113765,541.17564616
-715.59217314,540.97564883
-715.59320331,540.77565148
-715.59423130,540.57565412
-715.59526024,540.37565677
-715.59629329,540.17565944
-715.59733357,539.97566215
-715.59838424,539.77566492
-715.59944843,539.57566776
-715.60052869,539.37567069
-715.60162426,539.17567371
-715.60273322,538.97567679
-715.60385365,538.77567994
-715.60498364,538.57568313
-715.60612127,538.37568637
-715.60726461,538.17568963
-715.60841175,537.97569291
-715.60956077,537.77569620
-715.61070976,537.57569948
-715.61185679,537.37570275
-715.61300113,537.17570600
-715.61414409,536.97570925
-715.61528718,536.77571249
-715.61643195,536.57571575
-715.61757991,536.37571902
-715.61873259,536.17572234
-715.61989153,535.97572570
-715.62105824,535.77572911
-715.62223427,535.57573259
-715.62342112,535.37573615
-715.62462034,535.17573979
-715.62583327,534.97574353
-715.62706082,534.77574737
-715.62830385,534.57575130
-715.62956320,534.37575533
-715.63083972,534.17575945
-715.63213424,533.97576367
-715.63344762,533.77576798
-715.63478069,533.57577238
-715.63613431,533.37577688
-715.63750933,533.17578147
-715.63890658,532.97578614
-715.64032853,532.77579094
-715.64178231,532.57579593
-715.64327582,532.37580121
-715.64481701,532.17580689
-715.64641379,531.97581306
-715.64807410,531.77581981
-715.64980587,531.57582724
-715.65161702,531.37583546
-715.65351548,531.17584455
-715.65550918,530.97585461
-715.65760604,530.77586575
-715.65980997,530.57587801
-715.66211616,530.37589137
-715.66451860,530.17590580
-715.66701130,529.97592126
-715.66958826,529.77593771
-715.67224348,529.57595512
-715.67497096,529.37597344
-715.67776471,529.17599265
-715.68061873,528.97601270
-715.68352702,528.77603356
-715.68648361,528.57605518
-715.68948344,528.37607754
-715.69252272,528.17610055
-715.69559771,527.97612415
-715.69870470,527.77614828
-715.70183996,527.57617288
-715.70499977,527.37619788
-715.70818040,527.17622321
-715.71137813,526.97624882
-715.71458924,526.77627463
-715.71781000,526.57630058
-715.72103702,526.37632662
-715.72427073,526.17635274
-715.72751406,525.97637902
-715.73076995,525.77640549
-715.73404138,525.57643222
-715.73733129,525.37645925
-715.74064265,525.17648665
-715.74397841,524.97651446
-715.74734152,524.77654275
-715.75073496,524.57657155
-715.75416167,524.37660094
-715.75762345,524.17663094
-715.76111789,523.97666150
-715.76464159,523.77669257
-715.76819119,523.57672410
-715.77176329,523.37675601
-715.77535451,523.17678825
-715.77896147,522.97682075
-715.78258078,522.77685347
-715.78620907,522.57688633
-715.78984294,522.37691928
-715.79347899,522.17695226
-715.79711288,521.97698519
-715.80073927,521.77701799
-715.80435277,521.57705056
-715.80794799,521.37708282
-715.81151954,521.17711467
-715.81506203,520.97714604
-715.81857007,520.77717682
-715.82203826,520.57720693
-715.82546122,520.37723629
-715.82883356,520.17726479
-715.83215163,519.97729239
-715.83541934,519.77731915
-715.83864257,519.57734516
-715.84182725,519.37737053
-715.84497926,519.17739536
-715.84810452,518.97741974
-715.85120893,518.77744378
-715.85429840,518.57746758
-715.85737882,518.37749123
-715.86045611,518.17751483
-715.86353590,517.97753848
-715.86661924,517.77756221
-715.86970332,517.57758595
-715.87278524,517.37760968
-715.87586208,517.17763334
-715.87893093,516.97765689
-715.88198888,516.77768028
-715.88503301,516.57770347
-715.88806041,516.37772642
-715.89106816,516.17774906
-715.89405339,515.97777137
-715.89701515,515.77779332
-715.89995604,515.57781496
-715.90287899,515.37783633
-715.90578693,515.17785747
-715.90868281,514.97787843
-715.91156955,514.77789925
-715.91445010,514.57791998
-715.91732740,514.37794067
-715.92020437,514.17796134
-715.92308397,513.97798207
-715.92596875,513.77800287
-715.92885850,513.57802374
-715.93175167,513.37804467
-715.93464672,513.17806563
-715.93754211,512.97808660
-715.94043629,512.77810755
-715.94332773,512.57812846
-715.94621487,512.37814930
-715.94909618,512.17817005
-715.95197011,511.97819069
-715.95483511,511.77821119
-715.95768938,511.57823153
-715.96053074,511.37825169
-715.96335694,511.17827162
-715.96616575,510.97829132
-715.96895494,510.77831075
-715.97172228,510.57832988
-715.97446555,510.37834869
-715.97718249,510.17836715
-715.97987089,509.97838524
-715.98252852,509.77840292
-715.98515365,509.57842018
-715.98774802,509.37843703
-715.99031478,509.17845353
-715.99285710,508.97846971
-715.99537812,508.77848561
-715.99788101,508.57850127
-716.00036892,508.37851673
-716.00284500,508.17853203
-716.00531241,507.97854721
-716.00777431,507.77856232
-716.01023386,507.57857739
-716.01269297,507.37859245
-716.01514855,507.17860746
-716.01759625,506.97862238
-716.02003170,506.77863717
-716.02245056,506.57865176
-716.02484846,506.37866612
-716.02722105,506.17868019
-716.02956398,505.97869393
-716.03187289,505.77870730
-716.03414341,505.57872023
-716.03637121,505.37873268
-716.03855310,505.17874463
-716.04068824,504.97875607
-716.04277613,504.77876699
-716.04481623,504.57877740
-716.04680801,504.37878731
-716.04875094,504.17879671
-716.05064451,503.97880560
-716.05248818,503.77881399
-716.05428142,503.57882187
-716.05602372,503.37882925
-716.05771446,503.17883612
-716.05935061,502.97884250
-716.06092637,502.77884837
-716.06243577,502.57885375
-716.06387284,502.37885864
-716.06523161,502.17886302
-716.06650612,501.97886692
-716.06769040,501.77887032
-716.06877848,501.57887323
-716.06976439,501.37887566
-716.07064218,501.17887759
-716.07140614,500.97887904
-716.07205556,500.77888005
-716.07259413,500.57888066
-716.07302565,500.37888096
-716.07335394,500.17888100
-716.07358282,499.97888085
-716.07371610,499.77888058
-716.07375760,499.57888024
-716.07371114,499.37887990
-716.07358053,499.17887963
-716.07336959,498.97887949
-716.07308236,498.77887955
-716.07272562,498.57887980
-716.07230813,498.37888023
-716.07183865,498.17888080
-716.07132597,497.97888148
-716.07077886,497.77888226
-716.07020610,497.57888309
-716.06961646,497.37888396
-716.06901872,497.17888483
-716.06842166,496.97888567
-716.06783405,496.77888646
-716.06726310,496.57888717
-716.06670459,496.37888783
-716.06614932,496.17888847
-716.06558808,495.97888914
-716.06501163,495.77888988
-716.06441076,495.57889072
-716.06377623,495.37889172
-716.06309882,495.17889289
-716.06236932,494.97889430
-716.06157848,494.77889598
-716.06071710,494.57889797
-716.05977907,494.37890029
-716.05876913,494.17890294
-716.05769439,493.97890588
-716.05656194,493.77890909
-716.05537889,493.57891255
-716.05415233,493.37891622
-716.05288936,493.17892008
-716.05159708,492.97892412
-716.05028259,492.77892829
-716.04895300,492.57893258
-716.04761532,492.37893696
-716.04627329,492.17894141
-716.04492617,491.97894593
-716.04357288,491.77895052
-716.04221234,491.57895518
-716.04084348,491.37895991
-716.03946523,491.17896469
-716.03807650,490.97896955
-716.03667624,490.77897446
-716.03526335,490.57897943
-716.03383678,490.37898446
-716.03239496,490.17898955
-716.03093320,489.97899476
-716.02944548,489.77900014
-716.02792580,489.57900577
-716.02636816,489.37901172
-716.02476654,489.17901805
-716.02311495,488.97902483
-716.02140738,488.77903213
-716.01963781,488.57904001
-716.01780025,488.37904855
-716.01588886,488.17905781
-716.01390659,487.97906776
-716.01186905,487.77907824
-716.00979281,487.57908909
-716.00769448,487.37910014
-716.00559064,487.17911121
-716.00349787,486.97912213
-716.00143278,486.77913275
-715.99941194,486.57914287
-715.99745195,486.37915235
-715.99556939,486.17916100
-715.99377936,485.97916868
-715.99208850,485.77917541
-715.99050047,485.57918124
-715.98901894,485.37918625
-715.98764755,485.17919049
-715.98638998,484.97919403
-715.98524989,484.77919693
-715.98423093,484.57919926
-715.98333678,484.37920108
-715.98257108,484.17920245
-715.98193750,483.97920344
-715.98143642,483.77920411
-715.98105927,483.57920450
-715.98079600,483.37920467
-715.98063652,483.17920466
-715.98057077,482.97920451
-715.98058868,482.77920428
-715.98068017,482.57920401
-715.98083517,482.37920376
-715.98104362,482.17920355
-715.98129543,481.97920346
-715.98158092,481.77920350
-715.98189229,481.57920367
-715.98222233,481.37920393
-715.98256384,481.17920427
-715.98290962,480.97920464
-715.98325245,480.77920501
-715.98358513,480.57920537
-715.98390047,480.37920568
-715.98419125,480.17920590
-715.98445027,479.97920601
-715.98467040,479.77920599
-715.98485226,479.57920582
-715.98501092,479.37920556
-715.98516306,479.17920528
-715.98532536,478.97920503
-715.98551449,478.77920487
-715.98574711,478.57920487
-715.98603991,478.37920508
-715.98640954,478.17920556
-715.98687270,477.97920638
-715.98744604,477.77920759
-715.98814556,477.57920925
-715.98897336,477.37921137
-715.98991876,477.17921392
-715.99097055,476.97921688
-715.99211756,476.77922020
-715.99334858,476.57922385
-715.99465244,476.37922780
-715.99601794,476.17923202
-715.99743389,475.97923648
-715.99888911,475.77924114
-716.00037247,475.57924597
-716.00187990,475.37925099
-716.00342088,475.17925632
-716.00500640,474.97926209
-716.00664746,474.77926843
-716.00835508,474.57927548
-716.01014025,474.37928336
-716.01201397,474.17929221
-716.01398725,473.97930216
-716.01607108,473.77931334
-716.01827648,473.57932588
-716.02061285,473.37933989
-716.02307035,473.17935527
-716.02562636,472.97937175
-716.02825802,472.77938907
-716.03094248,472.57940697
-716.03365686,472.37942520
-716.03637831,472.17944348
-716.03908398,471.97946156
-716.04175100,471.77947918
-716.04435652,471.57949608
-716.04687767,471.37951198
-716.04929378,471.17952667
-716.05160454,470.97954013
-716.05382072,470.77955250
-716.05595324,470.57956391
-716.05801299,470.37957449
-716.06001086,470.17958438
-716.06195776,469.97959369
-716.06386458,469.77960258
-716.06574222,469.57961116
-716.06760157,469.37961957
-716.06945355,469.17962794
-716.07130578,468.97963636
-716.07315665,468.77964482
-716.07500290,468.57965328
-716.07684127,468.37966171
-716.07866850,468.17967007
-716.08048133,467.97967832
-716.08227649,467.77968643
-716.08405073,467.57969437
-716.08580079,467.37970210
-716.08752341,467.17970958
-716.08921575,466.97971679
-716.09087755,466.77972372
-716.09250949,466.57973038
-716.09411225,466.37973680
-716.09568650,466.17974297
-716.09723294,465.97974892
-716.09875224,465.77975465
-716.10024507,465.57976018
-716.10171213,465.37976552
-716.10315408,465.17977067
-716.10457161,464.97977566
-716.10596533,464.77978049
-716.10733570,464.57978516
-716.10868323,464.37978969
-716.11000839,464.17979407
-716.11131165,463.97979830
-716.11259351,463.77980241
-716.11385444,463.57980638
-716.11509492,463.37981022
-716.11631543,463.17981394
-716.11751647,462.97981754
-716.11869848,462.77982103
-716.11986170,462.57982441
-716.12100620,462.37982768
-716.12213206,462.17983084
-716.12323934,461.97983390
-716.12432811,461.77983685
-716.12539845,461.57983971
-716.12645042,461.37984247
-716.12748409,461.17984513
-716.12849954,460.97984769
-716.12949684,460.77985017
-716.13047609,460.57985255
-716.13143797,460.37985485
-716.13238351,460.17985707
-716.13331372,459.97985922
-716.13422966,459.77986130
-716.13513234,459.57986333
-716.13602281,459.37986530
-716.13690209,459.17986723
-716.13777121,458.97986912
-716.13863122,458.77987098
-716.13948313,458.57987281
-716.14032800,458.37987463
-716.14116697,458.17987643
-716.14200135,457.97987821
-716.14283246,457.77987998
-716.14366161,457.57988174
-716.14449012,457.37988349
-716.14531929,457.17988523
-716.14615045,456.97988696
-716.14698491,456.77988867
-716.14782398,456.57989038
-716.14866898,456.37989208
-716.14952127,456.17989377
-716.15038442,455.97989547
-716.15126497,455.77989724
-716.15216965,455.57989913
-716.15310522,455.37990118
-716.15407840,455.17990344
-716.15509596,454.97990597
-716.15616461,454.77990883
-716.15729112,454.57991205
-716.15848223,454.37991569
-716.15974467,454.17991981
-716.16108433,453.97992444
-716.16249741,453.77992957
-716.16397393,453.57993512
-716.16550381,453.37994102
-716.16707699,453.17994722
-716.16868337,452.97995363
-716.17031289,452.77996019
-716.17195547,452.57996683
-716.17360104,452.37997348
-716.17523952,452.17998007
-716.17686084,451.97998654
-716.17845502,451.77999281
-716.18001681,451.57999885
-716.18154749,451.38000467
-716.18304880,451.18001029
-716.18452250,450.98001570
-716.18597034,450.78002094
-716.18739408,450.58002601
-716.18879545,450.38003092
-716.19017622,450.18003568
-716.19153814,449.98004032
-716.19288296,449.78004484
-716.19421244,449.58004926
-716.19552885,449.38005359
-716.19683552,449.18005785
-716.19813590,448.98006207
-716.19943343,448.78006627
-716.20073154,448.58007048
-716.20203369,448.38007472
-716.20334332,448.18007900
-716.20466387,447.98008336
-716.20599878,447.78008782
-716.20735150,447.58009241
-716.20872546,447.38009713
-716.21012269,447.18010202
-716.21154250,446.98010706
-716.21298389,446.78011225
-716.21444586,446.58011759
-716.21592740,446.38012307
-716.21742750,446.18012869
-716.21894517,445.98013443
-716.22047940,445.78014030
-716.22202919,445.58014629
-716.22359353,445.38015239
-716.22517143,445.18015860
-716.22676191,444.98016491
-716.22836408,444.78017132
-716.22997702,444.58017782
-716.23159983,444.38018440
-716.23323160,444.18019106
-716.23487143,443.98019778
-716.23651841,443.78020456
-716.23817165,443.58021140
-716.23983022,443.38021828
-716.24149324,443.18022520
-716.24315946,442.98023215
-716.24482444,442.78023909
-716.24648180,442.58024597
-716.24812514,442.38025274
-716.24974806,442.18025934
-716.25134417,441.98026572
-716.25290707,441.78027183
-716.25443035,441.58027761
-716.25590764,441.38028301
-716.25733252,441.18028799
-716.25869860,440.98029248
-716.26000554,440.78029648
-716.26127036,440.58030015
-716.26251324,440.38030366
-716.26375432,440.18030718
-716.26501377,439.98031088
-716.26631175,439.78031495
-716.26766841,439.58031956
-716.26910392,439.38032488
-716.27063843,439.18033108
-716.27229211,438.98033835
-716.27408373,438.78034684
-716.27600952,438.58035652
-716.27804737,438.38036718
-716.28017460,438.18037861
-716.28236858,437.98039061
-716.28460662,437.78040297
-716.28686609,437.58041548
-716.28912433,437.38042793
-716.29135866,437.18044011
-716.29354644,436.98045182
-716.29566502,436.78046285
-716.29769999,436.58047306
-716.29966332,436.38048259
-716.30157223,436.18049161
-716.30344393,435.98050028
-716.30529563,435.78050878
-716.30714455,435.58051729
-716.30900791,435.38052598
-716.31090292,435.18053502
-716.31284679,434.98054458
-716.31485674,434.78055484
-716.31694929,434.58056596
-716.31912819,434.38057798
-716.32138584,434.18059083
-716.32371426,433.98060444
-716.32610546,433.78061872
-716.32855147,433.58063360
-716.33104429,433.38064900
-716.33357594,433.18066485
-716.33613844,432.98068106
-716.33872380,432.78069756
-716.34132403,432.58071427
-716.34393250,432.38073113
-716.34654934,432.18074815
-716.34917678,431.98076534
-716.35181707,431.78078274
-716.35447247,431.58080037
-716.35714523,431.38081825
-716.35983760,431.18083641
-716.36255182,430.98085488
-716.36529014,430.78087369
-716.36805482,430.58089285
-716.37084810,430.38091239
-716.37367158,430.18093233
-716.37652549,429.98095270
-716.37940988,429.78097348
-716.38232480,429.58099469
-716.38527031,429.38101635
-716.38824645,429.18103845
-716.39125327,428.98106102
-716.39429082,428.78108405
-716.39735916,428.58110755
-716.40045833,428.38113154
-716.40358834,428.18115603
-716.40674746,427.98118098
-716.40993182,427.78120634
-716.41313740,427.58123203
-716.41636018,427.38125801
-716.41959616,427.18128419
-716.42284133,426.98131052
-716.42609166,426.78133693
-716.42934316,426.58136336
-716.43259180,426.38138973
-716.43583357,426.18141599
-716.43906453,425.98144206
-716.44228193,425.78146792
-716.44548413,425.58149353
-716.44866954,425.38151887
-716.45183654,425.18154392
-716.45498353,424.98156866
-716.45810892,424.78159307
-716.46121110,424.58161713
-716.46428847,424.38164080
-716.46733942,424.18166408
-716.47036236,423.98168694
-716.47335589,423.78170936
-716.47632194,423.58173138
-716.47926502,423.38175304
-716.48218969,423.18177444
-716.48510052,422.98179562
-716.48800210,422.78181667
-716.49089899,422.58183764
-716.49379576,422.38185861
-716.49669699,422.18187964
-716.49960724,421.98190080
-716.50253110,421.78192216
-716.50547284,421.58194379
-716.50843185,421.38196566
-716.51140339,421.18198772
-716.51438262,420.98200990
-716.51736469,420.78203212
-716.52034474,420.58205432
-716.52331793,420.38207641
-716.52627940,420.18209834
-716.52922432,419.98212003
-716.53214781,419.78214141
-716.53504504,419.58216242
-716.53791124,419.38218297
-716.54074389,419.18220304
-716.54354300,418.98222264
-716.54630872,418.78224176
-716.54904120,418.58226041
-716.55174057,418.38227861
-716.55440699,418.18229636
-716.55704060,417.98231366
-716.55964154,417.78233053
-716.56220996,417.58234696
-716.56474600,417.38236297
-716.56724980,417.18237856
-716.56972098,416.98239373
-716.57215815,416.78240849
-716.57455986,416.58242281
-716.57692464,416.38243671
-716.57925100,416.18245017
-716.58153749,415.98246318
-716.58378263,415.78247575
-716.58598496,415.58248786
-716.58814301,415.38249951
-716.59025529,415.18251070
-716.59232036,414.98252141
-716.59433769,414.78253166
-716.59631025,414.58254146
-716.59824176,414.38255085
-716.60013593,414.18255988
-716.60199650,413.98256856
-716.60382717,413.78257694
-716.60563168,413.58258505
-716.60741374,413.38259293
-716.60917708,413.18260060
-716.61092541,412.98260811
-716.61266247,412.78261549
-716.61439116,412.58262276
-716.61610791,412.38262992
-716.61780602,412.18263691
-716.61947880,411.98264372
-716.62111951,411.78265030
-716.62272146,411.58265661
-716.62427794,411.38266262
-716.62578222,411.18266829
-716.62722761,410.98267359
-716.62860738,410.78267847
-716.62991484,410.58268290
-716.63114357,410.38268685
-716.63229432,410.18269032
-716.63337492,409.98269337
-716.63439354,409.78269604
-716.63535832,409.58269838
-716.63627742,409.38270046
-716.63715900,409.18270231
-716.63801120,408.98270399
-716.63884219,408.78270555
-716.63966011,408.58270704
-716.64047312,408.38270852
-716.64128936,408.18271004
-716.64211481,407.98271162
-716.64295110,407.78271329
-716.64379938,407.58271504
-716.64466077,407.38271686
-716.64553642,407.18271878
-716.64642744,406.98272078
-716.64733498,406.78272287
-716.64826017,406.58272505
-716.64920414,406.38272733
-716.65016802,406.18272970
-716.65115295,405.98273218
-716.65215952,405.78273475
-716.65318602,405.58273742
-716.65423016,405.38274016
-716.65528963,405.18274298
-716.65636211,404.98274586
-716.65744532,404.78274878
-716.65853693,404.58275174
-716.65963465,404.38275474
-716.66073616,404.18275774
-716.66183917,403.98276076
-716.66294136,403.78276377
-716.66404066,403.58276677
-716.66513748,403.38276975
-716.66623388,403.18277274
-716.66733189,402.98277574
-716.66843358,402.78277877
-716.66954101,402.58278183
-716.67065624,402.38278494
-716.67178131,402.18278812
-716.67291829,401.98279136
-716.67406924,401.78279468
-716.67523620,401.58279810
-716.67642122,401.38280163
-716.67762502,401.18280526
-716.67884649,400.98280900
-716.68008438,400.78281284
-716.68133747,400.58281677
-716.68260449,400.38282078
-716.68388421,400.18282487
-716.68517539,399.98282903
-716.68647677,399.78283325
-716.68778713,399.58283752
-716.68910521,399.38284185
-716.69042977,399.18284622
-716.69176019,398.98285062
-716.69309760,398.78285507
-716.69444347,398.58285959
-716.69579924,398.38286417
-716.69716639,398.18286883
-716.69854635,397.98287359
-716.69994059,397.78287845
-716.70135056,397.58288342
-716.70277773,397.38288852
-716.70422353,397.18289375
-716.70568945,396.98289914
-716.70717663,396.78290467
-716.70868452,396.58291036
-716.71021195,396.38291620
-716.71175770,396.18292217
-716.71332058,395.98292827
-716.71489940,395.78293450
-716.71649297,395.58294084
-716.71810009,395.38294728
-716.71971956,395.18295382
-716.72135019,394.98296046
-716.72299079,394.78296717
-716.72464022,394.58297396
-716.72629817,394.38298083
-716.72796483,394.18298777
-716.72964040,393.98299478
-716.73132510,393.78300188
-716.73301912,393.58300905
-716.73472268,393.38301631
-716.73643598,393.18302365
-716.73815922,392.98303107
-716.73989261,392.78303858
-716.74163635,392.58304618
-716.74339068,392.38305387
-716.74515631,392.18306166
-716.74693455,391.98306956
-716.74872671,391.78307758
-716.75053411,391.58308574
-716.75235809,391.38309405
-716.75419995,391.18310252
-716.75606102,390.98311118
-716.75794262,390.78312002
-716.75984607,390.58312907
-716.76177270,390.38313833
-716.76372383,390.18314783
-716.76570062,389.98315758
-716.76770400,389.78316758
-716.76973485,389.58317786
-716.77179405,389.38318843
-716.77388248,389.18319930
-716.77600102,388.98321050
-716.77815055,388.78322202
-716.78033196,388.58323390
-716.78254614,388.38324614
-716.78479395,388.18325876
-716.78707629,387.98327177
-716.78939360,387.78328519
-716.79174494,387.58329900
-716.79412906,387.38331319
-716.79654475,387.18332777
-716.79899077,386.98334270
-716.80146589,386.78335799
-716.80396888,386.58337363
-716.80649851,386.38338960
-716.80905354,386.18340589
-716.81163276,385.98342249
-716.81423492,385.78343940
-716.81685862,385.58345660
-716.81950143,385.38347405
-716.82216050,385.18349173
-716.82483299,384.98350958
-716.82751605,384.78352758
-716.83020685,384.58354568
-716.83290255,384.38356385
-716.83560030,384.18358205
-716.83829726,383.98360024
-716.84099059,383.78361837
-716.84367746,383.58363642
-716.84635521,383.38365435
-716.84902395,383.18367216
-716.85168567,382.98368987
-716.85434242,382.78370751
-716.85699625,382.58372512
-716.85964921,382.38374271
-716.86230334,382.18376032
-716.86496070,381.98377798
-716.86762332,381.78379570
-716.87029325,381.58381353
-716.87297255,381.38383148
-716.87566321,381.18384958
-716.87836569,380.98386784
-716.88107859,380.78388625
-716.88380040,380.58390477
-716.88652962,380.38392340
-716.88926474,380.18394210
-716.89200427,379.98396086
-716.89474668,379.78397966
-716.89749049,379.58399848
-716.90023418,379.38401730
-716.90297625,379.18403609
-716.90571520,378.98405484
-716.90845061,378.78407354
-716.91118397,378.58409222
-716.91391699,378.38411088
-716.91665139,378.18412957
-716.91938885,377.98414831
-716.92213110,377.78416711
-716.92487984,377.58418600
-716.92763677,377.38420500
-716.93040360,377.18422414
-716.93318204,376.98424345
-716.93597379,376.78426294
-716.93877995,376.58428263
-716.94160016,376.38430252
-716.94443384,376.18432259
-716.94728039,375.98434285
-716.95013923,375.78436328
-716.95300977,375.58438388
-716.95589143,375.38440464
-716.95878362,375.18442554
-716.96168575,374.98444659
-716.96459724,374.78446777
-716.96751751,374.58448909
-716.97044548,374.38451051
-716.97337867,374.18453201
-716.97631432,373.98455355
-716.97924967,373.78457509
-716.98218198,373.58459658
-716.98510848,373.38461799
-716.98802641,373.18463928
-716.99093303,372.98466041
-716.99382557,372.78468133
-716.99670129,372.58470201
-716.99955741,372.38472241
-717.00239204,372.18474250
-717.00520547,371.98476229
-717.00799833,371.78478178
-717.01077129,371.58480100
-717.01352499,371.38481994
-717.01626008,371.18483863
-717.01897720,370.98485708
-717.02167701,370.78487529
-717.02436016,370.58489327
-717.02702729,370.38491105
-717.02967906,370.18492863
-717.03231583,369.98494601
-717.03493754,369.78496320
-717.03754410,369.58498020
-717.04013541,369.38499700
-717.04271138,369.18501359
-717.04527191,368.98502998
-717.04781689,368.78504617
-717.05034624,368.58506215
-717.05285985,368.38507793
-717.05535763,368.18509349
-717.05783934,367.98510884
-717.06030311,367.78512395
-717.06274586,367.58513881
-717.06516452,367.38515337
-717.06755599,367.18516762
-717.06991720,366.98518152
-717.07224507,366.78519505
-717.07453650,366.58520817
-717.07678843,366.38522086
-717.07899776,366.18523309
-717.08116141,365.98524483
-717.08327792,365.78525607
-717.08535082,365.58526685
-717.08738464,365.38527722
-717.08938391,365.18528722
-717.09135315,364.98529690
-717.09329688,364.78530632
-717.09521963,364.58531552
-717.09712592,364.38532455
-717.09902028,364.18533347
-717.10090723,363.98534231
-717.10279086,363.78535113
-717.10467050,363.58535992
-717.10654249,363.38536865
-717.10840311,363.18537728
-717.11024866,362.98538579
-717.11207541,362.78539413
-717.11387967,362.58540228
-717.11565771,362.38541020
-717.11740583,362.18541785
-717.11912031,361.98542521
-717.12079749,361.78543223
-717.12243539,361.58543892
-717.12403421,361.38544527
-717.12559426,361.18545131
-717.12711589,360.98545704
-717.12859943,360.78546249
-717.13004519,360.58546767
-717.13145352,360.38547259
-717.13282474,360.18547727
-717.13415918,359.98548172
-717.13545718,359.78548596
-717.13672026,359.58548999
-717.13795217,359.38549385
-717.13915695,359.18549754
-717.14033861,358.98550108
-717.14150118,358.78550450
-717.14264870,358.58550780
-717.14378517,358.38551100
-717.14491463,358.18551412
-717.14604110,357.98551718
-717.14716859,357.78552020
-717.14829753,357.58552317
-717.14942006,357.38552609
-717.15052711,357.18552892
-717.15160965,356.98553164
-717.15265862,356.78553423
-717.15366497,356.58553666
-717.15461966,356.38553892
-717.15551362,356.18554097
-717.15633783,355.98554279
-717.15708321,355.78554435
-717.15774073,355.58554564
-717.15830543,355.38554664
-717.15878689,355.18554738
-717.15919792,354.98554790
-717.15955133,354.78554824
-717.15985995,354.58554844
-717.16013657,354.38554853
-717.16039402,354.18554856
-717.16064511,353.98554856
-717.16090264,353.78554858
-717.16117944,353.58554865
-717.16148831,353.38554881
-717.16183840,353.18554910
-717.16222732,352.98554949
-717.16265042,352.78554997
-717.16310306,352.58555053
-717.16358060,352.38555114
-717.16407839,352.18555179
-717.16459179,351.98555246
-717.16511615,351.78555313
-717.16564683,351.58555378
-717.16617919,351.38555440
-717.16670857,351.18555497
-717.16722946,350.98555548
-717.16773458,350.78555593
-717.16821647,350.58555632
-717.16866767,350.38555667
-717.16908071,350.18555697
-717.16944811,349.98555724
-717.16976242,349.78555747
-717.17001615,349.58555768
-717.17020185,349.38555787
-717.17031205,349.18555805
-717.17033962,348.98555821
-717.17028478,348.78555837
-717.17015478,348.58555853
-717.16995716,348.38555869
-717.16969943,348.18555886
-717.16938913,347.98555905
-717.16903379,347.78555925
-717.16864094,347.58555947
-717.16821810,347.38555971
-717.16777280,347.18555999
-717.16731258,346.98556030
-717.16684301,346.78556065
-717.16636157,346.58556106
-717.16586359,346.38556155
-717.16534443,346.18556213
-717.16479944,345.98556282
-717.16422397,345.78556364
-717.16361335,345.58556461
-717.16296296,345.38556575
-717.16226813,345.18556707
-717.16152421,344.98556860
-717.16072677,344.78557036
-717.15987358,344.58557234
-717.15896364,344.38557456
-717.15799597,344.18557703
-717.15696958,343.98557974
-717.15588350,343.78558270
-717.15473673,343.58558592
-717.15352830,343.38558940
-717.15225722,343.18559315
-717.15092251,342.98559717
-717.14952319,342.78560146
-717.14805672,342.58560607
-717.14651383,342.38561117
-717.14488342,342.18561697
-717.14315439,341.98562367
-717.14131565,341.78563150
-717.13935611,341.58564066
-717.13726467,341.38565136
-717.13503023,341.18566382
-717.13264170,340.98567824
-717.13008799,340.78569484
-717.12735817,340.58571383
-717.12444950,340.38573530
-717.12137071,340.18575920
-717.11813138,339.98578546
-717.11474111,339.78581402
-717.11120948,339.58584481
-717.10754608,339.38587777
-717.10376050,339.18591282
-717.09986233,338.98594990
-717.09586116,338.78598894
-717.09176656,338.58602988
-717.08758509,338.38607270
-717.08331141,338.18611760
-717.07893730,337.98616482
-717.07445454,337.78621460
-717.06985491,337.58626718
-717.06513018,337.38632281
-717.06027215,337.18638174
-717.05527259,336.98644419
-717.05012328,336.78651043
-717.04481600,336.58658068
-717.03934283,336.38665520
-717.03370000,336.18673422
-717.02788672,335.98681795
-717.02190229,335.78690663
-717.01574598,335.58700048
-717.00941710,335.38709972
-717.00291491,335.18720458
-716.99623871,334.98731529
-716.98938779,334.78743207
-716.98236143,334.58755514
-716.97515894,334.38768474
-716.96778414,334.18782085
-716.96025225,333.98796293
-716.95258024,333.78811033
-716.94478508,333.58826240
-716.93688372,333.38841850
-716.92889313,333.18857799
-716.92083029,332.98874022
-716.91271215,332.78890455
-716.90455568,332.58907034
-716.89637784,332.38923693
