-1211.97235708,1335.39901733
-1211.77633045,1335.43868762
-1211.58030160,1335.47834679
-1211.38426831,1335.51798371
-1211.18822837,1335.55758726
-1210.99217954,1335.59714631
-1210.79611961,1335.63664975
-1210.60004637,1335.67608644
-1210.40395759,1335.71544526
-1210.20785105,1335.75471509
-1210.01172454,1335.79388480
-1209.81557649,1335.83294660
-1209.61940898,1335.87191091
-1209.42322535,1335.91079441
-1209.22702890,1335.94961376
-1209.03082297,1335.98838562
-1208.83461087,1336.02712668
-1208.63839594,1336.06585359
-1208.44218149,1336.10458302
-1208.24597084,1336.14333164
-1208.04976732,1336.18211613
-1207.85357389,1336.22095129
-1207.65739043,1336.25983658
-1207.46121531,1336.29876378
-1207.26504688,1336.33772463
-1207.06888351,1336.37671087
-1206.87272354,1336.41571425
-1206.67656534,1336.45472651
-1206.48040726,1336.49373938
-1206.28424766,1336.53274461
-1206.08808488,1336.57173394
-1205.89191732,1336.61069923
-1205.69574406,1336.64963584
-1205.49956494,1336.68854301
-1205.30337988,1336.72742019
-1205.10718876,1336.76626682
-1204.91099149,1336.80508237
-1204.71478797,1336.84386627
-1204.51857810,1336.88261797
-1204.32236177,1336.92133693
-1204.12613889,1336.96002258
-1203.92990935,1336.99867439
-1203.73367339,1337.03729352
-1203.53743200,1337.07588501
-1203.34118628,1337.11445445
-1203.14493731,1337.15300742
-1202.94868619,1337.19154950
-1202.75243401,1337.23008628
-1202.55618188,1337.26862333
-1202.35993088,1337.30716625
-1202.16368211,1337.34572061
-1201.96743667,1337.38429199
-1201.77119560,1337.42288579
-1201.57495973,1337.46150611
-1201.37872980,1337.50015657
-1201.18250653,1337.53884080
-1200.98629066,1337.57756242
-1200.79008291,1337.61632506
-1200.59388401,1337.65513233
-1200.39769470,1337.69398785
-1200.20151571,1337.73289525
-1200.00534776,1337.77185815
-1199.80919152,1337.81087986
-1199.61304666,1337.84995864
-1199.41691200,1337.88908864
-1199.22078634,1337.92826390
-1199.02466851,1337.96747843
-1198.82855729,1338.00672627
-1198.63245151,1338.04600145
-1198.43634996,1338.08529800
-1198.24025146,1338.12460994
-1198.04415481,1338.16393131
-1197.84805882,1338.20325613
-1197.65196214,1338.24257763
-1197.45586309,1338.28188728
-1197.25975993,1338.32117635
-1197.06365095,1338.36043610
-1196.86753440,1338.39965778
-1196.67140857,1338.43883264
-1196.47527172,1338.47795195
-1196.27912213,1338.51700696
-1196.08295806,1338.55598892
-1195.88677779,1338.59488911
-1195.69058051,1338.63370339
-1195.49436795,1338.67244054
-1195.29814229,1338.71111160
-1195.10190572,1338.74972760
-1194.90566043,1338.78829957
-1194.70940859,1338.82683853
-1194.51315239,1338.86535553
-1194.31689401,1338.90386158
-1194.12063563,1338.94236773
-1193.92437944,1338.98088500
-1193.72812755,1339.01942405
-1193.53188167,1339.05799353
-1193.33564337,1339.09660141
-1193.13941423,1339.13525565
-1192.94319584,1339.17396421
-1192.74698976,1339.21273506
-1192.55079758,1339.25157616
-1192.35462086,1339.29049547
-1192.15846119,1339.32950096
-1191.96232014,1339.36860058
-1191.76619928,1339.40780226
-1191.57010007,1339.44711290
-1191.37402385,1339.48653851
-1191.17797197,1339.52608510
-1190.98194578,1339.56575864
-1190.78594661,1339.60556511
-1190.58997581,1339.64551051
-1190.39403472,1339.68560081
-1190.19812470,1339.72584201
-1190.00224708,1339.76624008
-1189.80640321,1339.80680101
-1189.61059368,1339.84752725
-1189.41481707,1339.88841157
-1189.21907159,1339.92944508
-1189.02335546,1339.97061891
-1188.82766690,1340.01192419
-1188.63200412,1340.05335202
-1188.43636535,1340.09489355
-1188.24074881,1340.13653988
-1188.04515271,1340.17828215
-1187.84957528,1340.22011147
-1187.65401479,1340.26201929
-1187.45847032,1340.30400109
-1187.26294147,1340.34605506
-1187.06742787,1340.38817942
-1186.87192912,1340.43037241
-1186.67644485,1340.47263226
-1186.48097466,1340.51495721
-1186.28551818,1340.55734549
-1186.09007502,1340.59979533
-1185.89464479,1340.64230496
-1185.69922712,1340.68487263
-1185.50382194,1340.72749802
-1185.30843020,1340.77018518
-1185.11305300,1340.81293894
-1184.91769148,1340.85576415
-1184.72234673,1340.89866565
-1184.52701989,1340.94164827
-1184.33171206,1340.98471685
-1184.13642436,1341.02787624
-1183.94115791,1341.07113127
-1183.74591383,1341.11448678
-1183.55069304,1341.15794680
-1183.35549400,1341.20150432
-1183.16031335,1341.24514435
-1182.96514771,1341.28885173
-1182.76999369,1341.33261130
-1182.57484790,1341.37640791
-1182.37970695,1341.42022638
-1182.18456746,1341.46405155
-1181.98942604,1341.50786828
-1181.79427929,1341.55166139
-1181.59912390,1341.59541601
-1181.40395777,1341.63912270
-1181.20877993,1341.68277701
-1181.01358947,1341.72637471
-1180.81838546,1341.76991152
-1180.62316697,1341.81338319
-1180.42793309,1341.85678546
-1180.23268289,1341.90011407
-1180.03741545,1341.94336477
-1179.84212984,1341.98653329
-1179.64682515,1342.02961536
-1179.45150003,1342.07260482
-1179.25615254,1342.11549253
-1179.06078068,1342.15826909
-1178.86538242,1342.20092509
-1178.66995577,1342.24345112
-1178.47449870,1342.28583779
-1178.27900922,1342.32807569
-1178.08348530,1342.37015540
-1177.88792495,1342.41206754
-1177.69232615,1342.45380269
-1177.49668659,1342.49534966
-1177.30100262,1342.53668884
-1177.10527015,1342.57779818
-1176.90948512,1342.61865562
-1176.71364345,1342.65923908
-1176.51774108,1342.69952651
-1176.32177392,1342.73949585
-1176.12573793,1342.77912503
-1175.92962901,1342.81839198
-1175.73344310,1342.85727465
-1175.53717616,1342.89575109
-1175.34082561,1342.93380452
-1175.14439094,1342.97142538
-1174.94787176,1343.00860467
-1174.75126770,1343.04533335
-1174.55457838,1343.08160240
-1174.35780343,1343.11740281
-1174.16094246,1343.15272555
-1173.96399512,1343.18756161
-1173.76696101,1343.22190196
-1173.56983977,1343.25573763
-1173.37263182,1343.28906418
-1173.17533897,1343.32188531
-1172.97796317,1343.35420557
-1172.78050639,1343.38602953
-1172.58297058,1343.41736173
-1172.38535772,1343.44820673
-1172.18766975,1343.47856909
-1171.98990864,1343.50845336
-1171.79207635,1343.53786409
-1171.59417483,1343.56680584
-1171.39620583,1343.59528173
-1171.19817007,1343.62328806
-1171.00006794,1343.65081915
-1170.80189986,1343.67786930
-1170.60366622,1343.70443283
-1170.40536744,1343.73050404
-1170.20700393,1343.75607725
-1170.00857609,1343.78114676
-1169.81008433,1343.80570689
-1169.61152905,1343.82975195
-1169.41291066,1343.85327618
-1169.21422956,1343.87627100
-1169.01548612,1343.89872370
-1168.81668072,1343.92062125
-1168.61781374,1343.94195060
-1168.41888555,1343.96269872
-1168.21989653,1343.98285258
-1168.02084706,1344.00239915
-1167.82173752,1344.02132537
-1167.62256827,1344.03961823
-1167.42333971,1344.05726470
-1167.22405274,1344.07425363
-1167.02470932,1344.09057733
-1166.82531145,1344.10622849
-1166.62586120,1344.12119980
-1166.42636058,1344.13548395
-1166.22681165,1344.14907362
-1166.02721643,1344.16196150
-1165.82757695,1344.17414029
-1165.62789527,1344.18560267
-1165.42817341,1344.19634133
-1165.22841353,1344.20635119
-1165.02861839,1344.21563907
-1164.82879098,1344.22421572
-1164.62893428,1344.23209191
-1164.42905125,1344.23927838
-1164.22914488,1344.24578590
-1164.02921814,1344.25162523
-1163.82927401,1344.25680713
-1163.62931546,1344.26134235
-1163.42934548,1344.26524165
-1163.22936704,1344.26851590
-1163.02938240,1344.27118792
-1162.82939249,1344.27330316
-1162.62939811,1344.27490961
-1162.42940005,1344.27605524
-1162.22939909,1344.27678803
-1162.02939603,1344.27715597
-1161.82939165,1344.27720703
-1161.62938674,1344.27698919
-1161.42938209,1344.27655044
-1161.22937848,1344.27593874
-1161.02937657,1344.27519690
-1160.82937630,1344.27434469
-1160.62937746,1344.27339548
-1160.42937983,1344.27236265
-1160.22938319,1344.27125956
-1160.02938732,1344.27009959
-1159.82939199,1344.26889610
-1159.62939698,1344.26766247
-1159.42940208,1344.26641207
-1159.22940705,1344.26515828
-1159.02941170,1344.26391424
-1158.82941593,1344.26269009
-1158.62941974,1344.26149376
-1158.42942316,1344.26033310
-1158.22942617,1344.25921601
-1158.02942880,1344.25815034
-1157.82943105,1344.25714397
-1157.62943293,1344.25620478
-1157.42943444,1344.25534062
-1157.22943559,1344.25455938
-1157.02943640,1344.25386893
-1156.82943687,1344.25327585
-1156.62943707,1344.25278224
-1156.42943706,1344.25238916
-1156.22943689,1344.25209771
-1156.02943664,1344.25190898
-1155.82943636,1344.25182404
-1155.62943611,1344.25184399
-1155.42943597,1344.25196990
-1155.22943599,1344.25220287
-1155.02943623,1344.25254398
-1154.82943676,1344.25299430
-1154.62943761,1344.25355164
-1154.42943877,1344.25420713
-1154.22944021,1344.25495106
-1154.02944190,1344.25577373
-1153.82944383,1344.25666543
-1153.62944597,1344.25761646
-1153.42944829,1344.25861710
-1153.22945077,1344.25965766
-1153.02945339,1344.26072844
-1152.82945612,1344.26181971
-1152.62945894,1344.26292248
-1152.42946182,1344.26402974
-1152.22946472,1344.26513489
-1152.02946762,1344.26623129
-1151.82947049,1344.26731232
-1151.62947329,1344.26837136
-1151.42947601,1344.26940178
-1151.22947860,1344.27039698
-1151.02948104,1344.27135031
-1150.82948330,1344.27225517
-1150.62948535,1344.27310573
-1150.42948719,1344.27390280
-1150.22948881,1344.27465039
-1150.02949023,1344.27535257
-1149.82949144,1344.27601336
-1149.62949245,1344.27663682
-1149.42949327,1344.27722699
-1149.22949389,1344.27778792
-1149.02949433,1344.27832365
-1148.82949458,1344.27883823
-1148.62949465,1344.27933566
-1148.42949456,1344.27981438
-1148.22949435,1344.28026174
-1148.02949408,1344.28066374
-1147.82949380,1344.28100640
-1147.62949355,1344.28127574
-1147.42949340,1344.28145777
-1147.22949339,1344.28153850
-1147.02949357,1344.28150397
-1146.82949400,1344.28134017
-1146.62949472,1344.28103313
-1146.42949579,1344.28056936
-1146.22949722,1344.27994857
-1146.02949901,1344.27918468
-1145.82950114,1344.27829230
-1145.62950361,1344.27728606
-1145.42950641,1344.27618058
-1145.22950951,1344.27499046
-1145.02951292,1344.27373033
-1144.82951661,1344.27241482
-1144.62952059,1344.27105853
-1144.42952483,1344.26967608
-1144.22952932,1344.26828019
-1144.02953402,1344.26687549
-1143.82953889,1344.26546452
-1143.62954390,1344.26404982
-1143.42954898,1344.26263392
-1143.22955411,1344.26121935
-1143.02955923,1344.25980865
-1142.82956431,1344.25840436
-1142.62956931,1344.25700901
-1142.42957417,1344.25562513
-1142.22957887,1344.25425418
-1142.02958346,1344.25288999
-1141.82958803,1344.25152309
-1141.62959267,1344.25014403
-1141.42959747,1344.24874331
-1141.22960251,1344.24731148
-1141.02960788,1344.24583905
-1140.82961368,1344.24431656
-1140.62961999,1344.24273454
-1140.42962690,1344.24108350
-1140.22963450,1344.23935431
-1140.02964278,1344.23754650
-1139.82965168,1344.23566922
-1139.62966112,1344.23373208
-1139.42967099,1344.23174472
-1139.22968123,1344.22971675
-1139.02969174,1344.22765781
-1138.82970244,1344.22557751
-1138.62971326,1344.22348549
-1138.42972409,1344.22139137
-1138.22973487,1344.21930477
-1138.02974552,1344.21723361
-1137.82975603,1344.21517789
-1137.62976644,1344.21313534
-1137.42977675,1344.21110367
-1137.22978699,1344.20908059
-1137.02979718,1344.20706383
-1136.82980733,1344.20505110
-1136.62981747,1344.20304012
-1136.42982762,1344.20102860
-1136.22983778,1344.19901426
-1136.02984799,1344.19699482
-1135.82985827,1344.19496799
-1135.62986863,1344.19293147
-1135.42987911,1344.19088297
-1135.22988974,1344.18882019
-1135.02990053,1344.18674082
-1134.82991153,1344.18464258
-1134.62992275,1344.18252317
-1134.42993422,1344.18038028
-1134.22994596,1344.17821163
-1134.02995801,1344.17601491
-1133.82997040,1344.17378790
-1133.62998309,1344.17153222
-1133.42999603,1344.16925498
-1133.23000912,1344.16696370
-1133.03002228,1344.16466592
-1132.83003545,1344.16236915
-1132.63004852,1344.16008092
-1132.43006143,1344.15780877
-1132.23007408,1344.15556022
-1132.03008641,1344.15334279
-1131.83009833,1344.15116402
-1131.63010976,1344.14903106
-1131.43012069,1344.14694450
-1131.23013119,1344.14489930
-1131.03014130,1344.14289025
-1130.83015108,1344.14091212
-1130.63016059,1344.13895969
-1130.43016988,1344.13702773
-1130.23017902,1344.13511103
-1130.03018805,1344.13320437
-1129.83019703,1344.13130252
-1129.63020602,1344.12940037
-1129.43021503,1344.12749667
-1129.23022404,1344.12559476
-1129.03023300,1344.12369825
-1128.83024189,1344.12181075
-1128.63025068,1344.11993587
-1128.43025932,1344.11807724
-1128.23026779,1344.11623845
-1128.03027605,1344.11442314
-1127.83028408,1344.11263490
-1127.63029183,1344.11087736
-1127.43029928,1344.10915305
-1127.23030644,1344.10746177
-1127.03031333,1344.10580293
-1126.83031994,1344.10417590
-1126.63032629,1344.10258007
-1126.43033239,1344.10101484
-1126.23033825,1344.09947958
-1126.03034387,1344.09797370
-1125.83034927,1344.09649657
-1125.63035446,1344.09504758
-1125.43035944,1344.09362630
-1125.23036422,1344.09223398
-1125.03036879,1344.09087272
-1124.83037314,1344.08954465
-1124.63037728,1344.08825189
-1124.43038118,1344.08699656
-1124.23038485,1344.08578079
-1124.03038828,1344.08460670
-1123.83039147,1344.08347641
-1123.63039441,1344.08239205
-1123.43039710,1344.08135574
-1123.23039953,1344.08036861
-1123.03040172,1344.07942956
-1122.83040369,1344.07853715
-1122.63040545,1344.07768996
-1122.43040702,1344.07688654
-1122.23040841,1344.07612546
-1122.03040965,1344.07540530
-1121.83041074,1344.07472463
-1121.63041171,1344.07408200
-1121.43041257,1344.07347599
-1121.23041333,1344.07290509
-1121.03041402,1344.07236612
-1120.83041465,1344.07185422
-1120.63041522,1344.07136449
-1120.43041576,1344.07089200
-1120.23041627,1344.07043183
-1120.03041678,1344.06997905
-1119.83041729,1344.06952875
-1119.63041782,1344.06907600
-1119.43041838,1344.06861589
-1119.23041900,1344.06814349
-1119.03041967,1344.06765422
-1118.83042039,1344.06714720
-1118.63042117,1344.06662388
-1118.43042197,1344.06608573
-1118.23042280,1344.06553423
-1118.03042364,1344.06497087
-1117.83042448,1344.06439711
-1117.63042530,1344.06381445
-1117.43042610,1344.06322435
-1117.23042686,1344.06262831
-1117.03042758,1344.06202778
-1116.83042823,1344.06142346
-1116.63042888,1344.06080928
-1116.43042957,1344.06017581
-1116.23043038,1344.05951358
-1116.03043137,1344.05881316
-1115.83043261,1344.05806507
-1115.63043416,1344.05725987
-1115.43043608,1344.05638809
-1115.23043845,1344.05544029
-1115.03044132,1344.05440700
-1114.83044476,1344.05327877
-1114.63044883,1344.05204763
-1114.43045350,1344.05071928
-1114.23045867,1344.04930684
-1114.03046427,1344.04782351
-1113.83047022,1344.04628248
-1113.63047643,1344.04469695
-1113.43048281,1344.04308011
-1113.23048930,1344.04144515
-1113.03049579,1344.03980527
-1112.83050221,1344.03817365
-1112.63050848,1344.03656351
-1112.43051452,1344.03498718
-1112.23052033,1344.03344536
-1112.03052597,1344.03193016
-1111.83053150,1344.03043353
-1111.63053698,1344.02894740
-1111.43054247,1344.02746370
-1111.23054803,1344.02597438
-1111.03055372,1344.02447137
-1110.83055961,1344.02294659
-1110.63056575,1344.02139200
-1110.43057220,1344.01979951
-1110.23057903,1344.01816126
-1110.03058623,1344.01647564
-1109.83059377,1344.01474892
-1109.63060158,1344.01298784
-1109.43060960,1344.01119913
-1109.23061777,1344.00938955
-1109.03062605,1344.00756582
-1108.83063436,1344.00573470
-1108.63064267,1344.00390292
-1108.43065089,1344.00207722
-1108.23065899,1344.00026433
-1108.03066692,1343.99847016
-1107.83067463,1343.99669951
-1107.63068212,1343.99495711
-1107.43068935,1343.99324766
-1107.23069628,1343.99157591
-1107.03070290,1343.98994656
-1106.83070918,1343.98836433
-1106.63071508,1343.98683396
-1106.43072057,1343.98536016
-1106.23072564,1343.98394759
-1106.03073029,1343.98259614
-1105.83073456,1343.98129766
-1105.63073852,1343.98004324
-1105.43074224,1343.97882394
-1105.23074577,1343.97763085
-1105.03074918,1343.97645504
-1104.83075253,1343.97528760
-1104.63075587,1343.97411959
-1104.43075928,1343.97294211
-1104.23076281,1343.97174623
-1104.03076649,1343.97052676
-1103.83077032,1343.96928698
-1103.63077425,1343.96803136
-1103.43077825,1343.96676437
-1103.23078231,1343.96549047
-1103.03078639,1343.96421414
-1102.83079046,1343.96293984
-1102.63079450,1343.96167204
-1102.43079846,1343.96041521
-1102.23080233,1343.95917382
-1102.03080609,1343.95795100
-1101.83080973,1343.95674511
-1101.63081329,1343.95555344
-1101.43081677,1343.95437329
-1101.23082020,1343.95320198
-1101.03082359,1343.95203678
-1100.83082696,1343.95087501
-1100.63083032,1343.94971396
-1100.43083369,1343.94855092
-1100.23083709,1343.94738321
-1100.03084053,1343.94620838
-1099.83084402,1343.94502575
-1099.63084756,1343.94383531
-1099.43085114,1343.94263706
-1099.23085478,1343.94143100
-1099.03085846,1343.94021714
-1098.83086219,1343.93899547
-1098.63086597,1343.93776599
-1098.43086980,1343.93652871
-1098.23087368,1343.93528363
-1098.03087761,1343.93403074
-1097.83088159,1343.93277002
-1097.63088562,1343.93150146
-1097.43088970,1343.93022500
-1097.23089383,1343.92894062
-1097.03089801,1343.92764829
-1096.83090224,1343.92634797
-1096.63090651,1343.92503963
-1096.43091083,1343.92372324
-1096.23091520,1343.92239877
-1096.03091962,1343.92106616
-1095.83092410,1343.91972390
-1095.63092866,1343.91836826
-1095.43093335,1343.91699530
-1095.23093818,1343.91560107
-1095.03094320,1343.91418163
-1094.83094844,1343.91273305
-1094.63095392,1343.91125139
-1094.43095968,1343.90973270
-1094.23096575,1343.90817305
-1094.03097217,1343.90656849
-1093.83097893,1343.90491804
-1093.63098597,1343.90323163
-1093.43099320,1343.90152168
-1093.23100052,1343.89980060
-1093.03100784,1343.89808083
-1092.83101507,1343.89637480
-1092.63102212,1343.89469493
-1092.43102890,1343.89305364
-1092.23103531,1343.89146336
-1092.03104126,1343.88993651
-1091.83104668,1343.88848424
-1091.63105156,1343.88710539
-1091.43105596,1343.88579196
-1091.23105996,1343.88453590
-1091.03106360,1343.88332914
-1090.83106694,1343.88216361
-1090.63107005,1343.88103126
-1090.43107297,1343.87992401
-1090.23107578,1343.87883381
-1090.03107854,1343.87775259
-1089.83108129,1343.87667247
-1089.63108406,1343.87559178
-1089.43108682,1343.87451644
-1089.23108955,1343.87345283
-1089.03109222,1343.87240731
-1088.83109480,1343.87138628
-1088.63109727,1343.87039610
-1088.43109958,1343.86944315
-1088.23110173,1343.86853380
-1088.03110367,1343.86767445
-1087.83110539,1343.86687145
-1087.63110686,1343.86612845
-1087.43110810,1343.86544171
-1087.23110915,1343.86480624
-1087.03111002,1343.86421705
-1086.83111074,1343.86366916
-1086.63111133,1343.86315758
-1086.43111182,1343.86267732
-1086.23111223,1343.86222339
-1086.03111259,1343.86179081
-1085.83111292,1343.86137459
-1085.63111325,1343.86097037
-1085.43111357,1343.86057818
-1085.23111389,1343.86019992
-1085.03111419,1343.85983750
-1084.83111449,1343.85949283
-1084.63111476,1343.85916782
-1084.43111501,1343.85886439
-1084.23111522,1343.85858444
-1084.03111541,1343.85832988
-1083.83111556,1343.85810262
-1083.63111567,1343.85790433
-1083.43111574,1343.85773177
-1083.23111578,1343.85757706
-1083.03111581,1343.85743215
-1082.83111584,1343.85728900
-1082.63111587,1343.85713956
-1082.43111593,1343.85697578
-1082.23111601,1343.85678960
-1082.03111614,1343.85657300
-1081.83111632,1343.85631790
-1081.63111657,1343.85601633
-1081.43111689,1343.85566644
-1081.23111726,1343.85527792
-1081.03111767,1343.85486176
-1080.83111811,1343.85442894
-1080.63111856,1343.85399042
-1080.43111900,1343.85355719
-1080.23111942,1343.85314022
-1080.03111980,1343.85275049
-1079.83112014,1343.85239897
-1079.63112041,1343.85209665
-1079.43112060,1343.85185051
-1079.23112073,1343.85165284
-1079.03112080,1343.85149258
-1078.83112084,1343.85135864
-1078.63112085,1343.85123996
-1078.43112085,1343.85112544
-1078.23112086,1343.85100402
-1078.03112089,1343.85086462
-1077.83112095,1343.85069615
-1077.63112105,1343.85048755
-1077.43112121,1343.85022970
-1077.23112143,1343.84992750
-1077.03112169,1343.84959198
-1076.83112197,1343.84923418
-1076.63112228,1343.84886515
-1076.43112259,1343.84849594
-1076.23112290,1343.84813760
-1076.03112318,1343.84780118
-1075.83112344,1343.84749771
-1075.63112366,1343.84723826
-1075.43112383,1343.84703321
-1075.23112394,1343.84688406
-1075.03112401,1343.84678590
-1074.83112403,1343.84673371
-1074.63112403,1343.84672244
-1074.43112400,1343.84674706
-1074.23112395,1343.84680252
-1074.03112389,1343.84688379
-1073.83112382,1343.84698583
-1073.63112376,1343.84710361
-1073.43112371,1343.84723222
-1073.23112367,1343.84737063
-1073.03112366,1343.84752221
-1072.83112367,1343.84769053
-1072.63112373,1343.84787918
-1072.43112382,1343.84809174
-1072.23112397,1343.84833179
-1072.03112418,1343.84860291
-1071.83112445,1343.84890869
-1071.63112480,1343.84925270
-1071.43112522,1343.84963849
-1071.23112573,1343.85006637
-1071.03112630,1343.85053157
-1070.83112694,1343.85102882
-1070.63112763,1343.85155288
-1070.43112835,1343.85209851
-1070.23112912,1343.85266045
-1070.03112990,1343.85323345
-1069.83113069,1343.85381228
-1069.63113149,1343.85439167
-1069.43113228,1343.85496640
-1069.23113306,1343.85553342
-1069.03113383,1343.85609441
-1068.83113460,1343.85665163
-1068.63113537,1343.85720737
-1068.43113615,1343.85776389
-1068.23113694,1343.85832347
-1068.03113774,1343.85888838
-1067.83113858,1343.85946090
-1067.63113944,1343.86004329
-1067.43114033,1343.86063784
-1067.23114127,1343.86124542
-1067.03114223,1343.86186321
-1066.83114320,1343.86248773
-1066.63114419,1343.86311554
-1066.43114517,1343.86374315
-1066.23114614,1343.86436712
-1066.03114709,1343.86498398
-1065.83114800,1343.86559026
-1065.63114887,1343.86618251
-1065.43114969,1343.86675726
-1065.23115045,1343.86731177
-1065.03115115,1343.86784541
-1064.83115179,1343.86835791
-1064.63115238,1343.86884902
-1064.43115292,1343.86931849
-1064.23115340,1343.86976606
-1064.03115384,1343.87019147
-1063.83115424,1343.87059448
-1063.63115459,1343.87097482
-1063.43115490,1343.87133224
-1063.23115517,1343.87166649
-1063.03115541,1343.87197773
-1062.83115562,1343.87226711
-1062.63115580,1343.87253591
-1062.43115595,1343.87278540
-1062.23115607,1343.87301687
-1062.03115618,1343.87323158
-1061.83115627,1343.87343081
-1061.63115635,1343.87361585
-1061.43115641,1343.87378797
-1061.23115647,1343.87394844
-1061.03115651,1343.87409855
-1060.83115656,1343.87423954
-1060.63115661,1343.87437258
-1060.43115665,1343.87449880
-1060.23115669,1343.87461935
-1060.03115672,1343.87473536
-1059.83115676,1343.87484797
-1059.63115679,1343.87495834
-1059.43115682,1343.87506758
-1059.23115685,1343.87517686
-1059.03115688,1343.87528730
-1058.83115690,1343.87540004
-1058.63115692,1343.87551534
-1058.43115695,1343.87562937
-1058.23115696,1343.87573716
-1058.03115698,1343.87583374
-1057.83115699,1343.87591414
-1057.63115700,1343.87597339
-1057.43115700,1343.87600651
-1057.23115699,1343.87600853
-1057.03115698,1343.87597448
-1056.83115696,1343.87589938
-1056.63115693,1343.87577827
-1056.43115690,1343.87560654
-1056.23115689,1343.87538141
-1056.03115693,1343.87510074
-1055.83115706,1343.87476236
-1055.63115731,1343.87436410
-1055.43115770,1343.87390381
-1055.23115827,1343.87337931
-1055.03115906,1343.87278845
-1054.83116010,1343.87212907
-1054.63116141,1343.87139900
-1054.43116302,1343.87059607
-1054.23116498,1343.86971897
-1054.03116727,1343.86877061
-1053.83116987,1343.86775522
-1053.63117279,1343.86667702
-1053.43117599,1343.86554024
-1053.23117948,1343.86434911
-1053.03118324,1343.86310786
-1052.83118725,1343.86182072
-1052.63119150,1343.86049192
-1052.43119599,1343.85912568
-1052.23120069,1343.85772624
-1052.03120561,1343.85629646
-1051.83121077,1343.85483387
-1051.63121623,1343.85333468
-1051.43122203,1343.85179514
-1051.23122820,1343.85021144
-1051.03123480,1343.84857982
-1050.83124186,1343.84689650
-1050.63124943,1343.84515770
-1050.43125756,1343.84335963
-1050.23126628,1343.84149853
-1050.03127565,1343.83957061
-1049.83128569,1343.83757376
-1049.63129638,1343.83551027
-1049.43130771,1343.83338313
-1049.23131967,1343.83119535
-1049.03133222,1343.82894994
-1048.83134536,1343.82664988
-1048.63135907,1343.82429819
-1048.43137332,1343.82189787
-1048.23138811,1343.81945191
-1048.03140340,1343.81696333
-1047.83141919,1343.81443507
-1047.63143549,1343.81186738
-1047.43145237,1343.80925661
-1047.23146988,1343.80659879
-1047.03148812,1343.80388996
-1046.83150714,1343.80112615
-1046.63152701,1343.79830340
-1046.43154780,1343.79541774
-1046.23156958,1343.79246521
-1046.03159243,1343.78944185
-1045.83161640,1343.78634369
-1045.63164157,1343.78316697
-1045.43166799,1343.77991053
-1045.23169568,1343.77657493
-1045.03172466,1343.77316076
-1044.83175498,1343.76966861
-1044.63178665,1343.76609909
-1044.43181971,1343.76245279
-1044.23185419,1343.75873030
-1044.03189010,1343.75493222
-1043.83192749,1343.75105914
-1043.63196639,1343.74711166
-1043.43200677,1343.74309157
-1043.23204854,1343.73900515
-1043.03209152,1343.73485972
-1042.83213558,1343.73066260
-1042.63218055,1343.72642112
-1042.43222630,1343.72214258
-1042.23227266,1343.71783431
-1042.03231949,1343.71350363
-1041.83236663,1343.70915787
-1041.63241394,1343.70480432
-1041.43246126,1343.70045018
-1041.23250855,1343.69609756
-1041.03255591,1343.69174261
-1040.83260342,1343.68738110
-1040.63265119,1343.68300880
-1040.43269930,1343.67862150
-1040.23274785,1343.67421496
-1040.03279694,1343.66978497
-1039.83284666,1343.66532730
-1039.63289711,1343.66083773
-1039.43294838,1343.65631203
-1039.23300052,1343.65174780
-1039.03305333,1343.64715382
-1038.83310652,1343.64254315
-1038.63315978,1343.63792886
-1038.43321281,1343.63332401
-1038.23326532,1343.62874166
-1038.03331701,1343.62419488
-1037.83336757,1343.61969673
-1037.63341670,1343.61526027
-1037.43346412,1343.61089857
-1037.23350951,1343.60662464
-1037.03355270,1343.60244842
-1036.83359368,1343.59837504
-1036.63363247,1343.59440920
-1036.43366908,1343.59055561
-1036.23370351,1343.58681899
-1036.03373579,1343.58320404
-1035.83376591,1343.57971546
-1035.63379391,1343.57635796
-1035.43381978,1343.57313626
-1035.23384354,1343.57005506
-1035.03386521,1343.56711766
-1034.83388492,1343.56431870
-1034.63390281,1343.56164950
-1034.43391904,1343.55910136
-1034.23393376,1343.55666560
-1034.03394712,1343.55433353
-1033.83395927,1343.55209647
-1033.63397036,1343.54994571
-1033.43398055,1343.54787259
-1033.23398999,1343.54586840
-1033.03399883,1343.54392466
-1032.83400715,1343.54203922
-1032.63401494,1343.54021749
-1032.43402219,1343.53846534
-1032.23402891,1343.53678862
-1032.03403507,1343.53519319
-1031.83404068,1343.53368492
-1031.63404572,1343.53226965
-1031.43405019,1343.53095326
-1031.23405407,1343.52974160
-1031.03405737,1343.52864052
-1030.83406008,1343.52765236
-1030.63406226,1343.52676698
-1030.43406398,1343.52597150
-1030.23406532,1343.52525304
-1030.03406633,1343.52459872
-1029.83406709,1343.52399567
-1029.63406766,1343.52343100
-1029.43406812,1343.52289184
-1029.23406853,1343.52236531
-1029.03406896,1343.52183853
-1028.83406948,1343.52129960
-1028.63407009,1343.52074731
-1028.43407078,1343.52018709
-1028.23407152,1343.51962444
-1028.03407229,1343.51906489
-1027.83407308,1343.51851393
-1027.63407386,1343.51797709
-1027.43407460,1343.51745987
-1027.23407530,1343.51696780
-1027.03407593,1343.51650638
-1026.83407646,1343.51608108
-1026.63407690,1343.51569498
-1026.43407724,1343.51534774
-1026.23407749,1343.51503877
-1026.03407767,1343.51476747
-1025.83407777,1343.51453324
-1025.63407782,1343.51433549
-1025.43407782,1343.51417361
-1025.23407778,1343.51404700
-1025.03407770,1343.51395508
-1024.83407759,1343.51389723
-1024.63407747,1343.51387069
-1024.43407735,1343.51386570
-1024.23407723,1343.51387112
-1024.03407713,1343.51387583
-1023.83407707,1343.51386866
-1023.63407705,1343.51383850
-1023.43407708,1343.51377419
-1023.23407719,1343.51366459
-1023.03407737,1343.51349858
-1022.83407765,1343.51326500
-1022.63407804,1343.51295453
-1022.43407852,1343.51257049
-1022.23407910,1343.51212165
-1022.03407975,1343.51161679
-1021.83408049,1343.51106467
-1021.63408128,1343.51047408
-1021.43408213,1343.50985379
-1021.23408303,1343.50921258
-1021.03408396,1343.50855923
-1020.83408493,1343.50790251
-1020.63408591,1343.50725074
-1020.43408691,1343.50660518
-1020.23408793,1343.50596175
-1020.03408899,1343.50531622
-1019.83409008,1343.50466437
-1019.63409121,1343.50400197
-1019.43409239,1343.50332480
-1019.23409362,1343.50262863
-1019.03409492,1343.50190923
-1018.83409628,1343.50116239
-1018.63409771,1343.50038407
-1018.43409919,1343.49957781
-1018.23410072,1343.49875658
-1018.03410224,1343.49793395
-1017.83410374,1343.49712349
-1017.63410518,1343.49633877
-1017.43410653,1343.49559336
-1017.23410777,1343.49490084
-1017.03410886,1343.49427478
-1016.83410978,1343.49372874
-1016.63411049,1343.49327621
-1016.43411098,1343.49292111
-1016.23411129,1343.49264972
-1016.03411145,1343.49244639
-1015.83411149,1343.49229550
-1015.63411144,1343.49218143
-1015.43411134,1343.49208853
-1015.23411122,1343.49200117
-1015.03411112,1343.49190373
-1014.83411106,1343.49178057
-1014.63411108,1343.49161607
-1014.43411120,1343.49139984
-1014.23411141,1343.49113558
-1014.03411169,1343.49082933
-1013.83411203,1343.49048714
-1013.63411241,1343.49011506
-1013.43411281,1343.48971912
-1013.23411321,1343.48930537
-1013.03411361,1343.48887986
-1012.83411398,1343.48844862
-1012.63411430,1343.48801771
-1012.43411458,1343.48759003
-1012.23411484,1343.48715769
-1012.03411515,1343.48671050
-1011.83411554,1343.48623825
-1011.63411607,1343.48573073
-1011.43411679,1343.48517774
-1011.23411773,1343.48456908
-1011.03411896,1343.48389454
-1010.83412052,1343.48314392
-1010.63412246,1343.48230701
-1010.43412480,1343.48137742
-1010.23412752,1343.48036410
-1010.03413055,1343.47927989
-1009.83413383,1343.47813761
-1009.63413731,1343.47695011
-1009.43414093,1343.47573022
-1009.23414464,1343.47449077
-1009.03414836,1343.47324459
-1008.83415206,1343.47200453
-1008.63415566,1343.47078341
-1008.43415913,1343.46959168
-1008.23416246,1343.46842891
-1008.03416567,1343.46729164
-1007.83416878,1343.46617637
-1007.63417180,1343.46507964
-1007.43417474,1343.46399796
-1007.23417763,1343.46292785
-1007.03418047,1343.46186583
-1006.83418328,1343.46080842
-1006.63418608,1343.45975214
-1006.43418888,1343.45869371
-1006.23419170,1343.45763071
-1006.03419455,1343.45656102
-1005.83419745,1343.45548248
-1005.63420041,1343.45439297
-1005.43420343,1343.45329033
-1005.23420655,1343.45217244
-1005.03420977,1343.45103714
-1004.83421310,1343.44988231
-1004.63421656,1343.44870580
-1004.43422017,1343.44750547
-1004.23422393,1343.44628067
-1004.03422781,1343.44503499
-1003.83423180,1343.44377272
-1003.63423586,1343.44249820
-1003.43423996,1343.44121573
-1003.23424409,1343.43992964
-1003.03424822,1343.43864424
-1002.83425231,1343.43736385
-1002.63425635,1343.43609279
-1002.43426030,1343.43483537
-1002.23426415,1343.43359564
-1002.03426789,1343.43237307
-1001.83427155,1343.43116322
-1001.63427516,1343.42996152
-1001.43427875,1343.42876342
-1001.23428234,1343.42756437
-1001.03428597,1343.42635979
-1000.83428966,1343.42514513
-1000.63429343,1343.42391583
-1000.43429733,1343.42266733
-1000.23430136,1343.42139508
-1000.03430557,1343.42009456
-999.83430998,1343.41876175
-999.63431463,1343.41739290
-999.43431956,1343.41598423
-999.23432480,1343.41453200
-999.03433039,1343.41303242
-998.83433636,1343.41148176
-998.63434275,1343.40987624
-998.43434959,1343.40821209
-998.23435693,1343.40648557
-998.03436479,1343.40469291
-997.83437321,1343.40283035
-997.63438227,1343.40089414
-997.43439207,1343.39888057
-997.23440269,1343.39678590
-997.03441425,1343.39460641
-996.83442682,1343.39233837
-996.63444052,1343.38997805
-996.43445543,1343.38752172
-996.23447166,1343.38496566
-996.03448930,1343.38230615
-995.83450844,1343.37953944
-995.63452917,1343.37666234
-995.43455149,1343.37367771
-995.23457530,1343.37059230
-995.03460054,1343.36741295
-994.83462713,1343.36414648
-994.63465497,1343.36079974
-994.43468401,1343.35737955
-994.23471414,1343.35389273
-994.03474531,1343.35034613
-993.83477742,1343.34674657
-993.63481040,1343.34310089
-993.43484417,1343.33941559
-993.23487868,1343.33569409
-993.03491390,1343.33193805
-992.83494977,1343.32814908
-992.63498627,1343.32432883
-992.43502336,1343.32047892
-992.23506099,1343.31660099
-992.03509914,1343.31269667
-991.83513776,1343.30876758
-991.63517682,1343.30481536
-991.43521627,1343.30084165
-991.23525610,1343.29684757
-991.03529635,1343.29283075
-990.83533714,1343.28878722
-990.63537854,1343.28471298
-990.43542066,1343.28060407
-990.23546360,1343.27645652
-990.03550746,1343.27226633
-989.83555232,1343.26802953
-989.63559829,1343.26374216
-989.43564546,1343.25940022
-989.23569392,1343.25499974
-989.03574375,1343.25053846
-988.83579479,1343.24602277
-988.63584683,1343.24146182
-988.43589968,1343.23686476
-988.23595313,1343.23224074
-988.03600698,1343.22759890
-987.83606101,1343.22294839
-987.63611503,1343.21829835
-987.43616882,1343.21365794
-987.23622219,1343.20903630
-987.03627492,1343.20444257
-986.83632689,1343.19988275
-986.63637818,1343.19535310
-986.43642892,1343.19084800
-986.23647923,1343.18636185
-986.03652924,1343.18188902
-985.83657908,1343.17742391
-985.63662888,1343.17296090
-985.43667877,1343.16849437
-985.23672886,1343.16401872
-985.03677929,1343.15952833
-984.83683019,1343.15501763
-984.63688157,1343.15048573
-984.43693328,1343.14593977
-984.23698512,1343.14138769
-984.03703691,1343.13683745
-983.83708848,1343.13229700
-983.63713964,1343.12777429
-983.43719020,1343.12327727
-983.23723998,1343.11881388
-983.03728881,1343.11439209
-982.83733649,1343.11001983
-982.63738285,1343.10570505
-982.43742775,1343.10145524
-982.23747111,1343.09727754
-982.03751282,1343.09317910
-981.83755281,1343.08916702
-981.63759097,1343.08524845
-981.43762721,1343.08143052
-981.23766146,1343.07772035
-981.03769360,1343.07412507
-980.83772356,1343.07065181
-980.63775124,1343.06730770
-980.43777658,1343.06409937
-980.23779961,1343.06103046
-980.03782045,1343.05810355
-979.83783919,1343.05532120
-979.63785594,1343.05268600
-979.43787078,1343.05020050
-979.23788381,1343.04786729
-979.03789514,1343.04568892
-978.83790487,1343.04366797
-978.63791308,1343.04180702
-978.43791988,1343.04010861
-978.23792539,1343.03857388
-978.03792970,1343.03720121
-977.83793296,1343.03598866
-977.63793529,1343.03493429
-977.43793680,1343.03403619
-977.23793763,1343.03329242
-977.03793789,1343.03270104
-976.83793772,1343.03226013
-976.63793722,1343.03196776
-976.43793653,1343.03182199
-976.23793578,1343.03182105
-976.03793508,1343.03196475
-975.83793456,1343.03225372
-975.63793435,1343.03268862
-975.43793456,1343.03327010
-975.23793534,1343.03399881
-975.03793679,1343.03487541
-974.83793905,1343.03590055
-974.63794225,1343.03707489
-974.43794650,1343.03839907
-974.23795193,1343.03987370
-974.03795859,1343.04149446
-973.83796639,1343.04324813
-973.63797521,1343.04512053
-973.43798495,1343.04709752
-973.23799551,1343.04916490
-973.03800677,1343.05130853
-972.83801862,1343.05351423
-972.63803097,1343.05576783
-972.43804369,1343.05805517
-972.23805669,1343.06036209
-972.03806987,1343.06267597
-971.83808318,1343.06499312
-971.63809659,1343.06731298
-971.43811009,1343.06963502
-971.23812365,1343.07195869
-971.03813724,1343.07428345
-970.83815085,1343.07660875
-970.63816444,1343.07893405
-970.43817800,1343.08125880
-970.23819150,1343.08358247
-970.03820491,1343.08590459
-969.83821828,1343.08822865
-969.63823174,1343.09056322
-969.43824543,1343.09291724
-969.23825946,1343.09529964
-969.03827398,1343.09771935
-968.83828912,1343.10018531
-968.63830500,1343.10270645
-968.43832178,1343.10529170
-968.23833957,1343.10795001
-968.03835851,1343.11069029
-967.83837869,1343.11351850
-967.63840003,1343.11642871
-967.43842241,1343.11941205
-967.23844569,1343.12245967
-967.03846975,1343.12556272
-966.83849447,1343.12871233
-966.63851972,1343.13189965
-966.43854538,1343.13511581
-966.23857132,1343.13835196
-966.03859742,1343.14159924
