-887.64034541,1603.71233343
-887.64099837,1603.51233313
-887.64162856,1603.31233286
-887.64221322,1603.11233264
-887.64272957,1602.91233251
-887.64315485,1602.71233248
-887.64346629,1602.51233259
-887.64364112,1602.31233287
-887.64365657,1602.11233334
-887.64348988,1601.91233402
-887.64311827,1601.71233496
-887.64252147,1601.51233618
-887.64169770,1601.31233786
-887.64065355,1601.11234022
-887.63939565,1600.91234347
-887.63793061,1600.71234784
-887.63626507,1600.51235355
-887.63440566,1600.31236081
-887.63235899,1600.11236985
-887.63013170,1599.91238090
-887.62773042,1599.71239416
-887.62516218,1599.51240984
-887.62244342,1599.31242786
-887.61959968,1599.11244783
-887.61665692,1598.91246937
-887.61364106,1598.71249206
-887.61057805,1598.51251553
-887.60749383,1598.31253937
-887.60441433,1598.11256319
-887.60136550,1597.91258659
-887.59837328,1597.71260920
-887.59546356,1597.51263059
-887.59264951,1597.31265059
-887.58991188,1597.11266945
-887.58722634,1596.91268752
-887.58456860,1596.71270516
-887.58191434,1596.51272270
-887.57923925,1596.31274051
-887.57651902,1596.11275892
-887.57372933,1595.91277828
-887.57084588,1595.71279895
-887.56784436,1595.51282127
-887.56472900,1595.31284525
-887.56161924,1595.11286953
-887.55866349,1594.91289243
-887.55601018,1594.71291223
-887.55380776,1594.51292726
-887.55220465,1594.31293579
-887.55134927,1594.11293615
-887.55139007,1593.91292664
-887.55247547,1593.71290555
-887.55475390,1593.51287119
-887.55837307,1593.31282343
-887.56347210,1593.11278078
-887.57018446,1592.91277393
-887.57864357,1592.71283379
-887.58898280,1592.51299125
-887.60133557,1592.31327722
-887.61583525,1592.11372261
-887.63261526,1591.91435831
-887.65180897,1591.71521524
-887.67354979,1591.51632429
-887.69797079,1591.31771701
-887.72519619,1591.11944284
-887.75534039,1590.92157106
-887.78851726,1590.72417199
-887.82484069,1590.52731594
-887.86442457,1590.33107323
-887.90738279,1590.13551416
-887.95382921,1589.94070905
-888.00387773,1589.74672822
-888.05764223,1589.55364197
-888.11523664,1589.36152091
-888.17678024,1589.17047935
-888.24240348,1588.98072241
-888.31223821,1588.79246651
-888.38641627,1588.60592807
-888.46506950,1588.42132350
-888.54832975,1588.23886923
-888.63632885,1588.05878166
-888.72919865,1587.88127723
-888.82707099,1587.70657234
-888.93007771,1587.53488341
-889.03828901,1587.36639425
-889.15154384,1587.20116624
-889.26962691,1587.03923208
-889.39232293,1586.88062447
-889.51941661,1586.72537610
-889.65069266,1586.57351967
-889.78593579,1586.42508787
-889.92493071,1586.28011339
-890.06746214,1586.13862894
-890.21331479,1586.00066721
-890.36228746,1585.86625705
-890.51425399,1585.73540687
-890.66911311,1585.60811831
-890.82676354,1585.48439299
-890.98710401,1585.36423255
-891.15003327,1585.24763860
-891.31545003,1585.13461279
-891.48325304,1585.02515673
-891.65334102,1584.91927206
-891.82561271,1584.81696041
-891.99996733,1584.71822351
-892.17630864,1584.62306404
-892.35454293,1584.53148523
-892.53457652,1584.44349030
-892.71631571,1584.35908247
-892.89966681,1584.27826498
-893.08453614,1584.20104104
-893.27083001,1584.12741389
-893.45845472,1584.05738673
-893.64731660,1583.99096281
-893.83732202,1583.92814007
-894.02837907,1583.86880161
-894.22039750,1583.81271911
-894.41328710,1583.75965969
-894.60695769,1583.70939044
-894.80131907,1583.66167847
-894.99628104,1583.61629088
-895.19175341,1583.57299479
-895.38764599,1583.53155729
-895.58386858,1583.49174548
-895.78033148,1583.45332756
-895.97697572,1583.41613920
-896.17379085,1583.38012263
-896.37077068,1583.34522944
-896.56790904,1583.31141122
-896.76519974,1583.27861956
-896.96263660,1583.24680607
-897.16021343,1583.21592233
-897.35792405,1583.18591993
-897.55576227,1583.15675048
-897.75372192,1583.12836556
-897.95179734,1583.10072788
-898.14998479,1583.07383960
-898.34828093,1583.04771166
-898.54668245,1583.02235499
-898.74518600,1582.99778054
-898.94378827,1582.97399925
-899.14248593,1582.95102204
-899.34127565,1582.92885987
-899.54015410,1582.90752365
-899.73911796,1582.88702435
-899.93816381,1582.86737061
-900.13728730,1582.84854671
-900.33648353,1582.83052206
-900.53574757,1582.81326587
-900.73507449,1582.79674736
-900.93445939,1582.78093574
-901.13389733,1582.76580021
-901.33338340,1582.75130999
-901.53291267,1582.73743428
-901.73248023,1582.72414231
-901.93208117,1582.71140321
-902.13171155,1582.69918300
-902.33136887,1582.68744304
-902.53105074,1582.67614434
-902.73075475,1582.66524789
-902.93047852,1582.65471468
-903.13021966,1582.64450571
-903.32997577,1582.63458197
-903.52974446,1582.62490445
-903.72952334,1582.61543416
-903.92931001,1582.60613209
-904.12910214,1582.59695761
-904.32889751,1582.58786517
-904.52869397,1582.57880826
-904.72848934,1582.56974038
-904.92828145,1582.56061502
-905.12806814,1582.55138567
-905.32784723,1582.54200584
-905.52761655,1582.53242900
-905.72737394,1582.52260867
-905.92711722,1582.51249834
-906.12684482,1582.50206387
-906.32655929,1582.49135799
-906.52626496,1582.48047059
-906.72596616,1582.46949170
-906.92566723,1582.45851136
-907.12537249,1582.44761960
-907.32508629,1582.43690646
-907.52481295,1582.42646196
-907.72455681,1582.41637615
-907.92432219,1582.40673906
-908.12411333,1582.39763878
-908.32393140,1582.38911257
-908.52377430,1582.38114324
-908.72363981,1582.37371093
-908.92352567,1582.36679578
-909.12342965,1582.36037791
-909.32334951,1582.35443747
-909.52328299,1582.34895458
-909.72322786,1582.34390938
-909.92318188,1582.33928201
-910.12314280,1582.33505260
-910.32310870,1582.33119934
-910.52307893,1582.32769232
-910.72305321,1582.32449947
-910.92303125,1582.32158875
-911.12301276,1582.31892808
-911.32299744,1582.31648541
-911.52298501,1582.31422869
-911.72297518,1582.31212586
-911.92296765,1582.31014485
-912.12296214,1582.30825361
-912.32295834,1582.30642236
-912.52295595,1582.30465889
-912.72295460,1582.30300185
-912.92295394,1582.30149077
-913.12295362,1582.30016523
-913.32295328,1582.29906475
-913.52295257,1582.29822891
-913.72295114,1582.29769724
-913.92294864,1582.29750930
-914.12294470,1582.29770465
-914.32293898,1582.29832279
-914.52293126,1582.29938298
-914.72292169,1582.30084928
-914.92291046,1582.30267643
-915.12289779,1582.30481921
-915.32288389,1582.30723236
-915.52286895,1582.30987064
-915.72285319,1582.31268882
-915.92283682,1582.31564164
-916.12282004,1582.31868388
