-1269.39810186,1103.80538472
-1269.53915191,1103.66359224
-1269.68021504,1103.52181283
-1269.82130432,1103.38005956
-1269.96243284,1103.23834553
-1270.10361366,1103.09668379
-1270.24485986,1102.95508744
-1270.38618452,1102.81356953
-1270.52760072,1102.67214315
-1270.66912153,1102.53082137
-1270.81076003,1102.38961727
-1270.95252910,1102.24854378
-1271.09444014,1102.10761267
-1271.23650377,1101.96683516
-1271.37873066,1101.82622246
-1271.52113144,1101.68578578
-1271.66371676,1101.54553633
-1271.80649727,1101.40548533
-1271.94948361,1101.26564398
-1272.09268643,1101.12602351
-1272.23611636,1100.98663512
-1272.37978414,1100.84749013
-1272.52370199,1100.70860229
-1272.66788355,1100.56998755
-1272.81234249,1100.43166194
-1272.95709250,1100.29364150
-1273.10214727,1100.15594226
-1273.24752048,1100.01858028
-1273.39322581,1099.88157159
-1273.53927696,1099.74493222
-1273.68568761,1099.60867821
-1273.83247139,1099.47282558
-1273.97963740,1099.33738576
-1274.12718567,1099.20236121
-1274.27511519,1099.06775336
-1274.42342495,1098.93356359
-1274.57211392,1098.79979332
-1274.72118110,1098.66644396
-1274.87062547,1098.53351690
-1275.02044602,1098.40101357
-1275.17064172,1098.26893536
-1275.32121157,1098.13728368
-1275.47215446,1098.00605983
-1275.62346880,1097.87526459
-1275.77515290,1097.74489854
-1275.92720502,1097.61496231
-1276.07962345,1097.48545650
-1276.23240647,1097.35638172
-1276.38555238,1097.22773857
-1276.53905945,1097.09952766
-1276.69292596,1096.97174959
-1276.84715020,1096.84440498
-1277.00173004,1096.71749388
-1277.15665703,1096.59100785
-1277.31191775,1096.46493180
-1277.46749866,1096.33925047
-1277.62338624,1096.21394861
-1277.77956692,1096.08901095
-1277.93602719,1095.96442223
-1278.09275348,1095.84016720
-1278.24973228,1095.71623058
-1278.40695002,1095.59259711
-1278.56439320,1095.46925156
-1278.72205157,1095.34618256
-1278.87992281,1095.22338808
-1279.03800575,1095.10086746
-1279.19629921,1094.97862001
-1279.35480204,1094.85664507
-1279.51351304,1094.73494198
-1279.67243107,1094.61351005
-1279.83155493,1094.49234863
-1279.99088347,1094.37145704
-1280.15041551,1094.25083461
-1280.31014908,1094.13047957
-1280.47007647,1094.01038223
-1280.63018743,1093.89052942
-1280.79047173,1093.77090796
-1280.95091910,1093.65150467
-1281.11151932,1093.53230638
-1281.27226213,1093.41329990
-1281.43313729,1093.29447206
-1281.59413455,1093.17580967
-1281.75524366,1093.05729956
-1281.91645444,1092.93892860
-1282.07775781,1092.82068474
-1282.23914564,1092.70255687
-1282.40060985,1092.58453389
-1282.56214237,1092.46660472
-1282.72373510,1092.34875827
-1282.88537996,1092.23098346
-1283.04706887,1092.11326919
-1283.20879374,1091.99560439
-1283.37054649,1091.87797796
-1283.53231919,1091.76037903
-1283.69410984,1091.64280486
-1283.85592413,1091.52526325
-1284.01776824,1091.40776270
-1284.17964837,1091.29031171
-1284.34157072,1091.17291878
-1284.50354146,1091.05559239
-1284.66556680,1090.93834106
-1284.82765293,1090.82117327
-1284.98980603,1090.70409753
-1285.15203225,1090.58712226
-1285.31433296,1090.47024946
-1285.47670064,1090.35346918
-1285.63912682,1090.23677017
-1285.80160305,1090.12014120
-1285.96412086,1090.00357103
-1286.12667177,1089.88704842
-1286.28924734,1089.77056213
-1286.45183909,1089.65410092
-1286.61443856,1089.53765355
-1286.77703726,1089.42120875
-1286.93961023,1089.30473202
-1287.10208565,1089.18812284
-1287.26438350,1089.07126909
-1287.42642371,1088.95405861
-1287.58812625,1088.83637928
-1287.74941106,1088.71811894
-1287.91019811,1088.59916548
-1288.07040734,1088.47940673
-1288.22995870,1088.35873058
-1288.38877215,1088.23702487
-1288.54675529,1088.11416983
-1288.70374113,1087.98999957
-1288.85953479,1087.86433094
-1289.01394134,1087.73698078
-1289.16676587,1087.60776591
-1289.31781345,1087.47650317
-1289.46688915,1087.34300939
-1289.61379806,1087.20710140
-1289.75834525,1087.06859604
-1289.90033579,1086.92731012
-1290.03957053,1086.78306849
-1290.17580203,1086.63578695
-1290.30875226,1086.48543906
-1290.43814267,1086.33199929
-1290.56369473,1086.17544212
-1290.68512992,1086.01574201
-1290.80216968,1085.85287343
-1290.91453550,1085.68681087
-1291.02194883,1085.51752880
-1291.12413114,1085.34500168
-1291.22080714,1085.16920925
-1291.31177198,1084.99024529
-1291.39688897,1084.80831400
-1291.47602425,1084.62362408
-1291.54904391,1084.43638424
-1291.61581408,1084.24680318
-1291.67620087,1084.05508962
-1291.73007040,1083.86145227
-1291.77728877,1083.66609983
-1291.81772211,1083.46924100
-1291.85123918,1083.27108537
-1291.87776646,1083.07186108
-1291.89728627,1082.87181432
-1291.90978321,1082.67119198
-1291.91524187,1082.47024098
-1291.91364687,1082.26920822
-1291.90498281,1082.06834062
-1291.88923429,1081.86788507
-1291.86638591,1081.66808848
-1291.83642227,1081.46919777
-1291.79932856,1081.27146033
-1291.75511145,1081.07514241
-1291.70380500,1080.88053424
-1291.64544507,1080.68792760
-1291.58006752,1080.49761430
-1291.50770820,1080.30988612
-1291.42840297,1080.12503486
-1291.34218769,1079.94335232
-1291.24909821,1079.76513028
-1291.14917039,1079.59066054
-1291.04244156,1079.42023435
-1290.92902272,1079.25411625
-1290.80913084,1079.09253230
-1290.68299114,1078.93570557
-1290.55082884,1078.78385914
-1290.41286914,1078.63721609
-1290.26933726,1078.49599950
-1290.12045841,1078.36043245
-1289.96645781,1078.23073800
-1289.80756068,1078.10713924
-1289.64399233,1077.98985898
-1289.47599530,1077.87907830
-1289.30384776,1077.77489192
-1289.12783230,1077.67738382
-1288.94823152,1077.58663799
-1288.76532800,1077.50273843
-1288.57940434,1077.42576913
-1288.39074313,1077.35581407
-1288.19962696,1077.29295725
-1288.00633842,1077.23728265
-1287.81116010,1077.18887420
-1287.61436875,1077.14776911
-1287.41622552,1077.11387916
-1287.21698893,1077.08709528
-1287.01691753,1077.06730838
-1286.81626985,1077.05440937
-1286.61530442,1077.04828917
-1286.41427977,1077.04883870
-1286.21345445,1077.05594889
-1286.01308698,1077.06951063
-1285.81343591,1077.08941485
-1285.61471725,1077.11551539
-1285.41699315,1077.14753180
-1285.22029089,1077.18515324
-1285.02463778,1077.22806890
-1284.83006113,1077.27596795
-1284.63658822,1077.32853955
-1284.44424638,1077.38547287
-1284.25306289,1077.44645710
-1284.06306507,1077.51118141
-1283.87428020,1077.57933495
-1283.68674111,1077.65064822
-1283.50050979,1077.72507052
-1283.31565788,1077.80262341
-1283.13225702,1077.88332845
-1282.95037884,1077.96720723
-1282.77009500,1078.05428132
-1282.59147712,1078.14457232
-1282.41459686,1078.23810180
-1282.23952584,1078.33489133
-1282.06633572,1078.43496251
-1281.89509008,1078.53832429
-1281.72578489,1078.64487953
-1281.55838225,1078.75447796
-1281.39284404,1078.86696894
-1281.22913209,1078.98220181
-1281.06720828,1079.10002593
-1280.90703446,1079.22029063
-1280.74857249,1079.34284527
-1280.59178423,1079.46753920
-1280.43663153,1079.59422176
-1280.28307582,1079.72274420
-1280.13106998,1079.85299457
-1279.98055914,1079.98489446
-1279.83148814,1080.11836666
-1279.68380183,1080.25333397
-1279.53744503,1080.38971919
-1279.39236260,1080.52744512
-1279.24849937,1080.66643455
-1279.10580019,1080.80661029
-1278.96420990,1080.94789513
-1278.82367307,1081.09021177
-1278.68412022,1081.23347792
-1278.54546090,1081.37760383
-1278.40760295,1081.52249915
-1278.27045422,1081.66807353
-1278.13392256,1081.81423661
-1277.99791583,1081.96089804
-1277.86234186,1082.10796747
-1277.72710850,1082.25535454
-1277.59212362,1082.40296890
-1277.45729537,1082.55072054
-1277.32256005,1082.69854765
-1277.18790301,1082.84643764
-1277.05331450,1082.99438291
-1276.91878481,1083.14237583
-1276.78430421,1083.29040880
-1276.64986298,1083.43847418
-1276.51545138,1083.58656437
-1276.38105970,1083.73467174
-1276.24667820,1083.88278867
-1276.11229717,1084.03090756
-1275.97790959,1084.17902289
-1275.84351604,1084.32713503
-1275.70911838,1084.47524536
-1275.57471848,1084.62335525
-1275.44031821,1084.77146609
-1275.30591945,1084.91957925
-1275.17152405,1085.06769613
-1275.03713391,1085.21581808
-1274.90275088,1085.36394650
-1274.76837683,1085.51208276
-1274.63401214,1085.66022692
-1274.49964808,1085.80837105
-1274.36527252,1085.95650419
-1274.23087332,1086.10461541
-1274.09643834,1086.25269376
-1273.96195544,1086.40072830
-1273.82741249,1086.54870807
-1273.69279734,1086.69662214
-1273.55809785,1086.84445955
-1273.42330190,1086.99220937
-1273.28839776,1087.13986101
-1273.15337869,1087.28740813
-1273.01824114,1087.43484710
-1272.88298159,1087.58217435
-1272.74759655,1087.72938628
-1272.61208249,1087.87647933
-1272.47643591,1088.02344991
-1272.34065331,1088.17029443
-1272.20473118,1088.31700932
-1272.06866600,1088.46359099
-1271.93245462,1088.61003620
-1271.79609929,1088.75634696
-1271.65960664,1088.90252950
-1271.52298339,1089.04859016
-1271.38623629,1089.19453531
-1271.24937207,1089.34037128
-1271.11239746,1089.48610444
-1270.97531922,1089.63174113
-1270.83814407,1089.77728771
-1270.70087875,1089.92275052
-1270.56352989,1090.06813581
-1270.42609360,1090.21343956
-1270.28854664,1090.35863885
-1270.15086372,1090.50370876
-1270.01301951,1090.64862436
-1269.87498873,1090.79336071
-1269.73674607,1090.93789291
-1269.59826621,1091.08219600
-1269.45952387,1091.22624507
-1269.32049372,1091.37001518
-1269.18115047,1091.51348141
-1269.04147752,1091.65662721
-1268.90148773,1091.79946441
-1268.76120016,1091.94201081
-1268.62063389,1092.08428422
-1268.47980799,1092.22630246
-1268.33874153,1092.36808332
-1268.19745359,1092.50964461
-1268.05596324,1092.65100415
-1267.91428954,1092.79217975
-1267.77245158,1092.93318921
-1267.63046765,1093.07404981
-1267.48835261,1093.21477645
-1267.34612038,1093.35538340
-1267.20378488,1093.49588492
-1267.06136003,1093.63629527
-1266.91885976,1093.77662870
-1266.77629796,1093.91689948
-1266.63368857,1094.05712186
-1266.49104550,1094.19731010
-1266.34838267,1094.33747846
-1266.20571334,1094.47764051
-1266.06304718,1094.61780605
-1265.92039263,1094.75798357
-1265.77775814,1094.89818160
-1265.63515214,1095.03840863
-1265.49258308,1095.17867317
-1265.35005940,1095.31898373
-1265.20758954,1095.45934883
-1265.06518195,1095.59977696
-1264.92284507,1095.74027664
-1264.78058568,1095.88085469
-1264.63840004,1096.02150731
-1264.49628027,1096.16222657
-1264.35421851,1096.30300448
-1264.21220689,1096.44383310
-1264.07023754,1096.58470447
-1263.92830259,1096.72561063
-1263.78639416,1096.86654361
-1263.64450439,1097.00749546
-1263.50262541,1097.14845822
