-1239.66547846,1128.97714475
-1239.57747145,1129.15674488
-1239.48949880,1129.33636154
-1239.40159486,1129.51601125
-1239.31379400,1129.69571055
-1239.22613057,1129.87547596
-1239.13863892,1130.05532401
-1239.05135343,1130.23527122
-1238.96430843,1130.41533413
-1238.87753830,1130.59552925
-1238.79107739,1130.77587313
-1238.70495431,1130.95637942
-1238.61917101,1131.13704844
-1238.53372165,1131.31787666
-1238.44860043,1131.49886054
-1238.36380152,1131.67999652
-1238.27931911,1131.86128106
-1238.19514738,1132.04271063
-1238.11128051,1132.22428168
-1238.02771268,1132.40599066
-1237.94443808,1132.58783404
-1237.86145112,1132.76980842
-1237.77874794,1132.95191145
-1237.69632538,1133.13414123
-1237.61418028,1133.31649585
-1237.53230950,1133.49897341
-1237.45070987,1133.68157201
-1237.36937825,1133.86428975
-1237.28831148,1134.04712471
-1237.20750641,1134.23007501
-1237.12695989,1134.41313872
-1237.04666760,1134.59631348
-1236.96660742,1134.77958942
-1236.88674325,1134.96295085
-1236.80703863,1135.14638191
-1236.72745709,1135.32986676
-1236.64796217,1135.51338955
-1236.56851739,1135.69693441
-1236.48908630,1135.88048549
-1236.40963242,1136.06402695
-1236.33011929,1136.24754293
-1236.25051075,1136.43101771
-1236.17079713,1136.61444703
-1236.09101505,1136.79784664
-1236.01120576,1136.98123431
-1235.93141055,1137.16462783
-1235.85167069,1137.34804496
-1235.77202743,1137.53150347
-1235.69252207,1137.71502114
-1235.61319587,1137.89861574
-1235.53409010,1138.08230503
-1235.45524603,1138.26610681
-1235.37669501,1138.45003449
-1235.29843326,1138.63408610
-1235.22044916,1138.81825627
-1235.14273111,1139.00253962
-1235.06526751,1139.18693075
-1234.98804678,1139.37142430
-1234.91105729,1139.55601487
-1234.83428747,1139.74069708
-1234.75772570,1139.92546556
-1234.68136039,1140.11031493
-1234.60518002,1140.29523987
-1234.52917365,1140.48023573
-1234.45333066,1140.66529815
-1234.37764041,1140.85042277
-1234.30209227,1141.03560524
-1234.22667559,1141.22084119
-1234.15137974,1141.40612627
-1234.07619409,1141.59145612
-1234.00110801,1141.77682639
-1233.92611085,1141.96223272
-1233.85119274,1142.14767105
-1233.77635416,1142.33314151
-1233.70160298,1142.51864721
-1233.62694727,1142.70419132
-1233.55239506,1142.88977702
-1233.47795441,1143.07540749
-1233.40363338,1143.26108591
-1233.32944001,1143.44681544
-1233.25538235,1143.63259928
-1233.18146847,1143.81844059
-1233.10770637,1144.00434253
-1233.03410334,1144.19030784
-1232.96066580,1144.37633873
-1232.88740014,1144.56243742
-1232.81431275,1144.74860611
-1232.74141002,1144.93484700
-1232.66869834,1145.12116232
-1232.59618410,1145.30755425
-1232.52387368,1145.49402501
-1232.45177348,1145.68057681
-1232.37988980,1145.86721181
-1232.30821973,1146.05392874
-1232.23674311,1146.24071983
-1232.16543790,1146.42757660
-1232.09428203,1146.61449058
-1232.02325345,1146.80145329
-1231.95233010,1146.98845626
-1231.88148993,1147.17549100
-1231.81071087,1147.36254904
-1231.73997088,1147.54962191
-1231.66924790,1147.73670112
-1231.59852637,1147.92378069
-1231.52780981,1148.11086194
-1231.45710521,1148.29794752
-1231.38641957,1148.48504007
-1231.31575988,1148.67214225
-1231.24513313,1148.85925670
-1231.17454632,1149.04638607
-1231.10400644,1149.23353302
-1231.03352049,1149.42070019
-1230.96309545,1149.60789023
-1230.89273716,1149.79510536
-1230.82244468,1149.98234523
-1230.75221471,1150.16960864
-1230.68204396,1150.35689436
-1230.61192912,1150.54420116
-1230.54186688,1150.73152784
-1230.47185394,1150.91887315
-1230.40188701,1151.10623589
-1230.33196276,1151.29361483
-1230.26207790,1151.48100875
-1230.19223083,1151.66841704
-1230.12243646,1151.85584512
-1230.05271898,1152.04330178
-1229.98310270,1152.23079587
-1229.91361193,1152.41833622
-1229.84427096,1152.60593166
-1229.77510409,1152.79359103
-1229.70613564,1152.98132316
-1229.63738991,1153.16913690
-1229.56889119,1153.35704107
-1229.50066342,1153.54504437
-1229.43271988,1153.73315132
-1229.36506195,1153.92136178
-1229.29769036,1154.10967535
-1229.23060585,1154.29809164
-1229.16380914,1154.48661027
-1229.09730099,1154.67523084
-1229.03108212,1154.86395296
-1228.96515328,1155.05277624
-1228.89951519,1155.24170028
-1228.83416858,1155.43072471
-1228.76911026,1155.61984790
-1228.70432748,1155.80906532
-1228.63980611,1155.99837202
-1228.57553202,1156.18776301
-1228.51149106,1156.37723332
-1228.44766910,1156.56677799
-1228.38405199,1156.75639205
-1228.32062560,1156.94607053
-1228.25737579,1157.13580845
-1228.19428842,1157.32560085
-1228.13135345,1157.51544410
-1228.06858205,1157.70534149
-1228.00599221,1157.89529852
-1227.94360190,1158.08532070
-1227.88142913,1158.27541354
-1227.81949188,1158.46558257
-1227.75780814,1158.65583328
-1227.69639590,1158.84617119
-1227.63527313,1159.03660181
-1227.57445784,1159.22713065
-1227.51396604,1159.41776257
-1227.45379693,1159.60849698
-1227.39394123,1159.79933050
-1227.33438957,1159.99025973
-1227.27513261,1160.18128127
-1227.21616098,1160.37239173
-1227.15746532,1160.56358772
-1227.09903629,1160.75486582
-1227.04086452,1160.94622266
-1226.98294066,1161.13765483
-1226.92525625,1161.32915921
-1226.86781382,1161.52073606
-1226.81062330,1161.71238787
-1226.75369474,1161.90411721
-1226.69703821,1162.09592664
-1226.64066376,1162.28781870
-1226.58458144,1162.47979594
-1226.52880133,1162.67186094
-1226.47333347,1162.86401623
-1226.41818792,1163.05626438
-1226.36337479,1163.24860794
-1226.30890529,1163.44104952
-1226.25479172,1163.63359181
-1226.20104643,1163.82623749
-1226.14768179,1164.01898923
-1226.09471015,1164.21184972
-1226.04214387,1164.40482163
-1225.98999530,1164.59790764
-1225.93827680,1164.79111045
-1225.88700072,1164.98443271
-1225.83617947,1165.17787713
-1225.78582924,1165.37144674
-1225.73597356,1165.56514528
-1225.68663678,1165.75897656
-1225.63784325,1165.95294441
-1225.58961730,1166.14705262
-1225.54198328,1166.34130503
-1225.49496554,1166.53570543
-1225.44858842,1166.73025766
-1225.40287627,1166.92496551
-1225.35785338,1167.11983280
-1225.31353673,1167.31486161
-1225.26992794,1167.51005039
-1225.22702673,1167.70539716
-1225.18483278,1167.90089994
-1225.14334580,1168.09655673
-1225.10256549,1168.29236556
-1225.06249157,1168.48832442
-1225.02312371,1168.68443133
-1224.98446164,1168.88068431
-1224.94650505,1169.07708137
-1224.90926329,1169.27362138
-1224.87278010,1169.47030630
-1224.83710687,1169.66713879
-1224.80229500,1169.86412147
-1224.76839589,1170.06125700
-1224.73546093,1170.25854803
-1224.70354152,1170.45599719
-1224.67268906,1170.65360714
-1224.64295493,1170.85138051
-1224.61439055,1171.04931996
-1224.58702863,1171.24742590
-1224.56081030,1171.44568787
-1224.53564864,1171.64409206
-1224.51145671,1171.84262464
-1224.48814759,1172.04127183
-1224.46563433,1172.24001979
-1224.44383002,1172.43885473
-1224.42264772,1172.63776282
-1224.40200049,1172.83673028
-1224.38180140,1173.03574327
-1224.36197269,1173.23478922
-1224.34251013,1173.43386545
-1224.32344502,1173.63297403
-1224.30480885,1173.83211709
-1224.28663312,1174.03129672
-1224.26894934,1174.23051506
-1224.25178899,1174.42977420
-1224.23518360,1174.62907627
-1224.21916464,1174.82842338
-1224.20376363,1175.02781763
-1224.18900676,1175.22726075
-1224.17486284,1175.42675018
-1224.16126565,1175.62628073
-1224.14814849,1175.82584721
-1224.13544464,1176.02544440
-1224.12308737,1176.22506708
-1224.11100997,1176.42471005
-1224.09914573,1176.62436809
-1224.08742793,1176.82403599
-1224.07578985,1177.02370854
-1224.06416943,1177.22338085
-1224.05256891,1177.42305240
-1224.04103751,1177.62272588
-1224.02962552,1177.82240405
-1224.01838325,1178.02208967
-1224.00736097,1178.22178551
-1223.99660897,1178.42149432
-1223.98617756,1178.62121886
-1223.97611702,1178.82096190
-1223.96647764,1179.02072619
-1223.95730816,1179.22051436
-1223.94863088,1179.42032680
-1223.94044594,1179.62016197
-1223.93275284,1179.82001830
-1223.92555105,1180.01989423
-1223.91884005,1180.21978818
-1223.91261932,1180.41969856
-1223.90688833,1180.61962382
-1223.90164657,1180.81956237
-1223.89689351,1181.01951264
-1223.89262852,1181.21947306
-1223.88884775,1181.41944235
-1223.88554383,1181.61941947
-1223.88270923,1181.81940346
-1223.88033639,1182.01939331
-1223.87841776,1182.21938802
-1223.87694581,1182.41938661
-1223.87591297,1182.61938809
-1223.87531170,1182.81939145
-1223.87513447,1183.01939571
-1223.87537371,1183.21939988
-1223.87602236,1183.41940303
-1223.87707409,1183.61940439
-1223.87852267,1183.81940317
-1223.88036183,1184.01939860
-1223.88258535,1184.21938991
-1223.88518696,1184.41937631
-1223.88816043,1184.61935703
-1223.89149952,1184.81933130
-1223.89519797,1185.01929833
-1223.89924953,1185.21925736
-1223.90364605,1185.41920791
-1223.90837482,1185.61915026
-1223.91342250,1185.81908475
-1223.91877574,1186.01901177
-1223.92442120,1186.21893168
-1223.93034553,1186.41884485
-1223.93653538,1186.61875164
-1223.94297741,1186.81865242
-1223.94965826,1187.01854756
-1223.95656461,1187.21843742
-1223.96369514,1187.41832160
-1223.97108868,1187.61819710
-1223.97879242,1187.81806040
-1223.98685354,1188.01790794
-1223.99531921,1188.21773622
-1224.00423662,1188.41754169
-1224.01365294,1188.61732082
-1224.02361536,1188.81707008
-1224.03417106,1189.01678594
-1224.04536721,1189.21646487
-1224.05722885,1189.41610477
-1224.06969249,1189.61570923
-1224.08267252,1189.81528330
-1224.09608334,1190.01483201
-1224.10983935,1190.21436040
-1224.12385493,1190.41387351
-1224.13804448,1190.61337636
-1224.15232240,1190.81287399
-1224.16660309,1191.01237144
-1224.18080093,1191.21187374
-1224.19484707,1191.41138492
-1224.20875242,1191.61090422
-1224.22255160,1191.81042945
-1224.23627925,1192.00995842
-1224.24996999,1192.20948895
-1224.26365845,1192.40901884
-1224.27737925,1192.60854591
-1224.29116703,1192.80806798
-1224.30505641,1193.00758284
-1224.31908201,1193.20708832
-1224.33327452,1193.40658247
-1224.34763661,1193.60606507
-1224.36215885,1193.80553663
-1224.37683180,1194.00499769
-1224.39164599,1194.20444877
-1224.40659198,1194.40389039
-1224.42166029,1194.60332307
-1224.43684148,1194.80274734
-1224.45212608,1195.00216373
-1224.46750465,1195.20157275
-1224.48296792,1195.40097493
-1224.49850886,1195.60037077
-1224.51412176,1195.79976073
-1224.52980092,1195.99914531
-1224.54554063,1196.19852497
-1224.56133519,1196.39790021
-1224.57717891,1196.59727148
-1224.59306607,1196.79663928
-1224.60899099,1196.99600408
-1224.62494796,1197.19536635
-1224.64093119,1197.39472659
-1224.65693266,1197.59408544
-1224.67294209,1197.79344370
-1224.68894911,1197.99280218
-1224.70494331,1198.19216171
-1224.72091432,1198.39152308
-1224.73685176,1198.59088712
-1224.75274523,1198.79025463
-1224.76858436,1198.98962644
-1224.78435876,1199.18900334
-1224.80005815,1199.38838616
-1224.81567820,1199.58777521
-1224.83122359,1199.78717013
-1224.84669971,1199.98657046
-1224.86211198,1200.18597578
-1224.87746581,1200.38538565
-1224.89276659,1200.58479962
-1224.90801975,1200.78421726
-1224.92323068,1200.98363813
-1224.93840480,1201.18306180
-1224.95354751,1201.38248781
-1224.96866234,1201.58191590
-1224.98374789,1201.78134615
-1224.99880200,1201.98077876
-1225.01382248,1202.18021389
-1225.02880718,1202.37965170
-1225.04375390,1202.57909238
-1225.05866048,1202.77853609
-1225.07352474,1202.97798301
-1225.08834451,1203.17743330
-1225.10311761,1203.37688715
-1225.11784117,1203.57634476
-1225.13250823,1203.77580659
-1225.14711033,1203.97527321
-1225.16163901,1204.17474515
-1225.17608583,1204.37422299
-1225.19044232,1204.57370726
-1225.20470004,1204.77319853
-1225.21885052,1204.97269734
-1225.23288531,1205.17220425
-1225.24679596,1205.37171981
-1225.26057615,1205.57124444
-1225.27424030,1205.77077711
-1225.28781442,1205.97031601
-1225.30132469,1206.16985933
-1225.31479723,1206.36940524
-1225.32825822,1206.56895193
-1225.34173379,1206.76849757
-1225.35525011,1206.96804035
-1225.36883333,1207.16757844
-1225.38250959,1207.36711004
-1225.39630362,1207.56663341
-1225.41022195,1207.76614810
-1225.42425862,1207.96565453
-1225.43840744,1208.16515314
-1225.45266219,1208.36464435
-1225.46701669,1208.56412860
-1225.48146473,1208.76360632
-1225.49600011,1208.96307795
-1225.51061663,1209.16254391
-1225.52530809,1209.36200465
-1225.54006833,1209.56146059
-1225.55489881,1209.76091153
-1225.56981655,1209.96035600
-1225.58484049,1210.15979237
-1225.59998954,1210.35921902
-1225.61528265,1210.55863432
-1225.63073874,1210.75803663
-1225.64637675,1210.95742433
-1225.66221560,1211.15679579
-1225.67827423,1211.35614938
-1225.69457156,1211.55548347
-1225.71111922,1211.75479701
-1225.72790663,1211.95409076
-1225.74491900,1212.15336579
-1225.76214154,1212.35262318
-1225.77955947,1212.55186401
-1225.79715800,1212.75108936
-1225.81492234,1212.95030031
-1225.83283770,1213.14949793
-1225.85088929,1213.34868332
-1225.86906233,1213.54785755
-1225.88734206,1213.74702171
-1225.90571417,1213.94617702
-1225.92416459,1214.14532481
-1225.94267929,1214.34446639
-1225.96124421,1214.54360306
-1225.97984529,1214.74273615
-1225.99846850,1214.94186696
-1226.01709978,1215.14099681
-1226.03572508,1215.34012702
-1226.05433034,1215.53925890
-1226.07290196,1215.73839372
-1226.09143639,1215.93753187
-1226.10994034,1216.13667285
-1226.12842098,1216.33581610
-1226.14688549,1216.53496106
-1226.16534103,1216.73410719
-1226.18379478,1216.93325393
-1226.20225389,1217.13240073
-1226.22072555,1217.33154703
-1226.23921692,1217.53069229
-1226.25773528,1217.72983594
-1226.27629874,1217.92897619
-1226.29494583,1218.12810891
-1226.31371732,1218.32722974
-1226.33265397,1218.52633430
-1226.35179657,1218.72541822
-1226.37118588,1218.92447714
-1226.39086267,1219.12350667
-1226.41086771,1219.32250245
-1226.43124178,1219.52146011
-1226.45202562,1219.72037527
-1226.47324713,1219.91924480
-1226.49489588,1220.11806921
-1226.51695434,1220.31684971
-1226.53940499,1220.51558748
-1226.56223031,1220.71428374
-1226.58541278,1220.91293967
-1226.60893486,1221.11155647
-1226.63277905,1221.31013534
-1226.65692782,1221.50867748
-1226.68136364,1221.70718409
-1226.70606127,1221.90565745
-1226.73095730,1222.10410525
-1226.75597658,1222.30253684
-1226.78104394,1222.50096156
-1226.80608422,1222.69938875
-1226.83102225,1222.89782777
-1226.85578287,1223.09628795
-1226.88029092,1223.29477865
-1226.90447122,1223.49330921
-1226.92824863,1223.69188898
-1226.95155351,1223.89052651
-1226.97436523,1224.08922336
-1226.99668872,1224.28797741
-1227.01852912,1224.48678654
-1227.03989157,1224.68564861
-1227.06078122,1224.88456149
-1227.08120320,1225.08352305
-1227.10116267,1225.28253115
-1227.12066476,1225.48158365
-1227.13971461,1225.68067843
-1227.15831882,1225.87981329
-1227.17650482,1226.07898510
-1227.19431574,1226.27819003
-1227.21179509,1226.47742425
-1227.22898639,1226.67668390
-1227.24593315,1226.87596515
-1227.26267890,1227.07526414
-1227.27926714,1227.27457705
-1227.29574139,1227.47390003
-1227.31214516,1227.67322923
