-1272.25158503,1088.87180012
-1272.09968074,1089.00190125
-1271.94779906,1089.13202843
-1271.79596262,1089.26220772
-1271.64419404,1089.39246518
-1271.49251592,1089.52282686
-1271.34095089,1089.65331882
-1271.18952157,1089.78396710
-1271.03825057,1089.91479777
-1270.88716051,1090.04583687
-1270.73627402,1090.17711047
-1270.58561104,1090.30864148
-1270.43517486,1090.44043299
-1270.28496225,1090.57248045
-1270.13497000,1090.70477926
-1269.98519486,1090.83732483
-1269.83563361,1090.97011256
-1269.68628303,1091.10313787
-1269.53713989,1091.23639618
-1269.38820096,1091.36988287
-1269.23946300,1091.50359338
-1269.09092290,1091.63752322
-1268.94257929,1091.77167011
-1268.79443234,1091.90603362
-1268.64648227,1092.04061341
-1268.49872931,1092.17540911
-1268.35117368,1092.31042038
-1268.20381560,1092.44564686
-1268.05665528,1092.58108820
-1267.90969296,1092.71674405
-1267.76292885,1092.85261405
-1267.61636314,1092.98869781
-1267.46999355,1093.12499237
-1267.32381345,1093.26149021
-1267.17781578,1093.39818338
-1267.03199348,1093.53506393
-1266.88633950,1093.67212389
-1266.74084676,1093.80935532
-1266.59550823,1093.94675024
-1266.45031682,1094.08430071
-1266.30526549,1094.22199877
-1266.16034718,1094.35983647
-1266.01555590,1094.49780705
-1265.87088954,1094.63590815
-1265.72634686,1094.77413837
-1265.58192662,1094.91249633
-1265.43762756,1095.05098061
-1265.29344845,1095.18958983
-1265.14938803,1095.32832258
-1265.00544507,1095.46717749
-1264.86161832,1095.60615314
-1264.71790653,1095.74524814
-1264.57430938,1095.88446204
-1264.43083592,1096.02380371
-1264.28750059,1096.16328749
-1264.14431791,1096.30292775
-1264.00130239,1096.44273888
-1263.85846856,1096.58273525
-1263.71583091,1096.72293126
-1263.57340398,1096.86334127
-1263.43120228,1097.00397968
-1263.28924032,1097.14486087
-1263.14753231,1097.28599887
-1263.00608791,1097.42740240
-1262.86491327,1097.56907615
-1262.72401446,1097.71102468
-1262.58339753,1097.85325256
-1262.44306856,1097.99576434
-1262.30303359,1098.13856459
-1262.16329870,1098.28165787
-1262.02386995,1098.42504876
-1261.88475340,1098.56874182
-1261.74595511,1098.71274160
-1261.60747878,1098.85705049
-1261.46932131,1099.00166452
-1261.33147839,1099.14657863
-1261.19394570,1099.29178772
-1261.05671893,1099.43728671
-1260.91979374,1099.58307051
-1260.78316583,1099.72913406
-1260.64683087,1099.87547226
-1260.51078455,1100.02208002
-1260.37502256,1100.16895227
-1260.23954382,1100.31608682
-1260.10436587,1100.46349794
-1259.96951276,1100.61120573
-1259.83500858,1100.75923029
-1259.70087741,1100.90759171
-1259.56714333,1101.05631011
-1259.43383042,1101.20540557
-1259.30096275,1101.35489820
-1259.16856441,1101.50480810
-1259.03665948,1101.65515538
-1258.90527177,1101.80595973
-1258.77442125,1101.95723502
-1258.64412490,1102.10899061
-1258.51439965,1102.26123576
-1258.38526241,1102.41397971
-1258.25673011,1102.56723173
-1258.12881966,1102.72100107
-1258.00154797,1102.87529697
-1257.87493197,1103.03012869
-1257.74898858,1103.18550549
-1257.62373463,1103.34143655
-1257.49917668,1103.49792313
-1257.37530054,1103.65495044
-1257.25208956,1103.81250182
-1257.12952708,1103.97056057
-1257.00759645,1104.12911001
-1256.88628101,1104.28813346
-1256.76556411,1104.44761424
-1256.64542908,1104.60753565
-1256.52585927,1104.76788103
-1256.40683802,1104.92863369
-1256.28835300,1105.08978038
-1256.17040802,1105.25132076
-1256.05301068,1105.41325750
-1255.93616858,1105.57559324
-1255.81988931,1105.73833067
-1255.70418047,1105.90147245
-1255.58904965,1106.06502123
-1255.47450446,1106.22897968
-1255.36055249,1106.39335048
-1255.24720133,1106.55813627
-1255.13445828,1106.72333949
-1255.02232690,1106.88895954
-1254.91080832,1107.05499389
-1254.79990360,1107.22143993
-1254.68961380,1107.38829508
-1254.57994001,1107.55555674
-1254.47088328,1107.72322233
-1254.36244469,1107.89128925
-1254.25462531,1108.05975492
-1254.14742620,1108.22861673
-1254.04084844,1108.39787211
-1253.93489359,1108.56751862
-1253.82956384,1108.73755404
-1253.72486143,1108.90797616
-1253.62078861,1109.07878276
-1253.51734761,1109.24997165
-1253.41454068,1109.42154061
-1253.31237006,1109.59348744
-1253.21083799,1109.76580993
-1253.10994671,1109.93850587
-1253.00969847,1110.11157304
-1252.91009035,1110.28500663
-1252.81109280,1110.45878819
-1252.71266771,1110.63289494
-1252.61477695,1110.80730408
-1252.51738241,1110.98199283
-1252.42044596,1111.15693838
-1252.32392948,1111.33211793
-1252.22779486,1111.50750871
-1252.13200396,1111.68308790
-1252.03651868,1111.85883272
-1251.94130512,1112.03472291
-1251.84635206,1112.21075177
-1251.75165585,1112.38691715
-1251.65721281,1112.56321687
-1251.56301929,1112.73964878
-1251.46907162,1112.91621070
-1251.37536614,1113.09290049
-1251.28189920,1113.26971596
-1251.18866712,1113.44665496
-1251.09566625,1113.62371533
-1251.00289257,1113.80089471
-1250.91033274,1113.97818599
-1250.81796333,1114.15557690
-1250.72576047,1114.33305491
-1250.63370025,1114.51060749
-1250.54175878,1114.68822214
-1250.44991215,1114.86588633
-1250.35813646,1115.04358752
-1250.26640783,1115.22131321
-1250.17470234,1115.39905087
-1250.08299623,1115.57678803
-1249.99127730,1115.75451829
-1249.89955482,1115.93224641
-1249.80784032,1116.10997837
-1249.71614536,1116.28772014
-1249.62448149,1116.46547768
-1249.53286026,1116.64325696
-1249.44129322,1116.82106396
-1249.34979193,1116.99890464
-1249.25836793,1117.17678498
-1249.16703277,1117.35471094
-1249.07579473,1117.53268680
-1248.98464700,1117.71070907
-1248.89357845,1117.88877204
-1248.80257796,1118.06686997
-1248.71163440,1118.24499715
-1248.62073664,1118.42314785
-1248.52987355,1118.60131636
-1248.43903400,1118.77949696
-1248.34820687,1118.95768391
-1248.25738103,1119.13587151
-1248.16654579,1119.31405426
-1248.07569945,1119.49223126
-1247.98484848,1119.67040583
-1247.89399967,1119.84858142
-1247.80315984,1120.02676151
-1247.71233576,1120.20494956
-1247.62153423,1120.38314904
-1247.53076206,1120.56136342
-1247.44002603,1120.73959617
-1247.34933294,1120.91785074
-1247.25868952,1121.09613059
-1247.16809880,1121.27443724
-1247.07755771,1121.45276914
-1246.98706260,1121.63112444
-1246.89660986,1121.80950127
-1246.80619586,1121.98789779
-1246.71581697,1122.16631216
-1246.62546955,1122.34474252
-1246.53514998,1122.52318701
-1246.44485464,1122.70164379
-1246.35457988,1122.88011101
-1246.26432397,1123.05858776
-1246.17409230,1123.23707676
-1246.08389197,1123.41558157
-1245.99373008,1123.59410576
-1245.90361372,1123.77265289
-1245.81354999,1123.95122652
-1245.72354598,1124.12983022
-1245.63360879,1124.30846757
-1245.54374552,1124.48714211
-1245.45396326,1124.66585742
-1245.36426910,1124.84461706
-1245.27466963,1125.02342428
-1245.18517094,1125.20228204
-1245.09577908,1125.38119324
-1245.00650008,1125.56016081
-1244.91734001,1125.73918768
-1244.82830491,1125.91827676
-1244.73940082,1126.09743097
-1244.65063380,1126.27665325
-1244.56200990,1126.45594650
-1244.47353515,1126.63531366
-1244.38521548,1126.81475750
-1244.29705650,1126.99428051
-1244.20906377,1127.17388512
-1244.12124288,1127.35357376
-1244.03359938,1127.53334886
-1243.94613886,1127.71321286
-1243.85886686,1127.89316819
-1243.77178897,1128.07321729
-1243.68491076,1128.25336258
-1243.59823779,1128.43360650
-1243.51177403,1128.61395072
-1243.42551366,1128.79439231
-1243.33944717,1128.97492657
-1243.25356507,1129.15554881
-1243.16785786,1129.33625436
-1243.08231603,1129.51703853
-1242.99693007,1129.69789662
-1242.91169048,1129.87882396
-1242.82658777,1130.05981586
-1242.74161241,1130.24086762
-1242.65675497,1130.42197460
-1242.57200988,1130.60313399
-1242.48737844,1130.78434632
-1242.40286266,1130.96561241
-1242.31846451,1131.14693311
-1242.23418599,1131.32830926
-1242.15002909,1131.50974169
-1242.06599581,1131.69123126
-1241.98208814,1131.87277879
-1241.89830806,1132.05438513
-1241.81465756,1132.23605111
-1241.73113836,1132.41777745
-1241.64774897,1132.59956340
-1241.56448605,1132.78140738
-1241.48134620,1132.96330778
-1241.39832605,1133.14526299
-1241.31542221,1133.32727140
-1241.23263128,1133.50933140
-1241.14994989,1133.69144139
-1241.06737466,1133.87359976
-1240.98490218,1134.05580490
-1240.90252944,1134.23805536
-1240.82026055,1134.42035285
-1240.73810636,1134.60270204
-1240.65607797,1134.78510772
-1240.57418649,1134.96757468
-1240.49244300,1135.15010770
-1240.41085861,1135.33271158
-1240.32944442,1135.51539110
-1240.24821153,1135.69815106
-1240.16717105,1135.88099623
-1240.08633404,1136.06393140
-1240.00570676,1136.24695918
-1239.92528487,1136.43007750
-1239.84506266,1136.61328363
-1239.76503442,1136.79657486
-1239.68519442,1136.97994849
-1239.60553696,1137.16340179
-1239.52605630,1137.34693206
-1239.44674674,1137.53053658
-1239.36760255,1137.71421265
-1239.28861802,1137.89795755
-1239.20978876,1138.08176913
-1239.13111830,1138.26564865
-1239.05261304,1138.44959859
-1238.97427941,1138.63362144
-1238.89612384,1138.81771970
-1238.81815274,1139.00189586
-1238.74037254,1139.18615240
-1238.66278966,1139.37049182
-1238.58541052,1139.55491661
-1238.50824154,1139.73942926
-1238.43128875,1139.92403209
-1238.35455007,1140.10872407
-1238.27801602,1140.29350111
-1238.20167688,1140.47835901
-1238.12552288,1140.66329354
-1238.04954428,1140.84830050
-1237.97373134,1141.03337568
-1237.89807431,1141.21851488
-1237.82256344,1141.40371387
-1237.74718900,1141.58896846
-1237.67194123,1141.77427444
-1237.59681404,1141.95962911
-1237.52180930,1142.14503315
-1237.44693002,1142.33048768
-1237.37217917,1142.51599381
-1237.29755974,1142.70155268
-1237.22307471,1142.88716540
-1237.14872708,1143.07283310
-1237.07451983,1143.25855690
-1237.00045594,1143.44433792
-1236.92653839,1143.63017729
-1236.85276994,1143.81607602
-1236.77915173,1144.00203442
-1236.70568426,1144.18805254
-1236.63236806,1144.37413041
-1236.55920361,1144.56026806
-1236.48619144,1144.74646553
-1236.41333204,1144.93272285
-1236.34062592,1145.11904007
-1236.26807359,1145.30541720
-1236.19567555,1145.49185430
-1236.12343229,1145.67835137
-1236.05134307,1145.86490801
-1235.97940562,1146.05152320
-1235.90761754,1146.23819589
-1235.83597643,1146.42492504
-1235.76447989,1146.61170959
-1235.69312553,1146.79854851
-1235.62191096,1146.98544073
-1235.55083377,1147.17238522
-1235.47989158,1147.35938092
-1235.40908198,1147.54642679
-1235.33840256,1147.73352178
-1235.26785070,1147.92066483
-1235.19742375,1148.10785489
-1235.12711905,1148.29509089
-1235.05693393,1148.48237179
-1234.98686573,1148.66969652
-1234.91691178,1148.85706403
-1234.84706944,1149.04447326
-1234.77733602,1149.23192315
-1234.70770887,1149.41941265
-1234.63818536,1149.60694071
-1234.56876523,1149.79450715
-1234.49945258,1149.98211334
-1234.43025191,1150.16976084
-1234.36116778,1150.35745118
-1234.29220470,1150.54518591
-1234.22336720,1150.73296657
-1234.15465982,1150.92079471
-1234.08608708,1151.10867188
-1234.01765351,1151.29659961
-1233.94936364,1151.48457945
-1233.88122145,1151.67261275
-1233.81322391,1151.86069835
-1233.74536325,1152.04883344
-1233.67763163,1152.23701513
-1233.61002118,1152.42524058
-1233.54252405,1152.61350690
-1233.47513239,1152.80181124
-1233.40783834,1152.99015073
-1233.34063404,1153.17852250
-1233.27351163,1153.36692369
-1233.20646327,1153.55535143
-1233.13948411,1153.74380391
-1233.07258301,1153.93228413
-1233.00577273,1154.12079647
-1232.93906605,1154.30934529
-1232.87247573,1154.49793496
-1232.80601455,1154.68656986
-1232.73969526,1154.87525435
-1232.67353065,1155.06399280
-1232.60753346,1155.25278959
-1232.54171649,1155.44164908
-1232.47609242,1155.63057563
-1232.41066728,1155.81957124
-1232.34543423,1156.00863343
-1232.28038500,1156.19775921
-1232.21551132,1156.38694560
-1232.15080493,1156.57618961
-1232.08625754,1156.76548826
-1232.02186088,1156.95483855
-1231.95760669,1157.14423750
-1231.89348669,1157.33368212
-1231.82949261,1157.52316943
-1231.76561686,1157.71269667
-1231.70186114,1157.90226423
-1231.63823384,1158.09187475
-1231.57474351,1158.28153093
-1231.51139867,1158.47123547
-1231.44820787,1158.66099107
-1231.38517964,1158.85080042
-1231.32232252,1159.04066621
-1231.25964504,1159.23059115
-1231.19715575,1159.42057793
-1231.13486317,1159.61062925
-1231.07277268,1159.80074675
-1231.01088109,1159.99092924
-1230.94918376,1160.18117506
-1230.88767609,1160.37148253
-1230.82635344,1160.56185000
-1230.76521119,1160.75227579
-1230.70424472,1160.94275824
-1230.64344940,1161.13329568
-1230.58282060,1161.32388644
-1230.52235371,1161.51452885
-1230.46204549,1161.70522169
-1230.40190353,1161.89596704
-1230.34194050,1162.08676857
-1230.28216909,1162.27762996
-1230.22260201,1162.46855488
-1230.16325195,1162.65954701
-1230.10413160,1162.85061001
-1230.04525366,1163.04174756
-1229.98663083,1163.23296334
-1229.92827581,1163.42426102
-1229.87020081,1163.61564412
-1229.81241040,1163.80711368
-1229.75490290,1163.99866874
-1229.69767646,1164.19030826
-1229.64072922,1164.38203122
-1229.58405933,1164.57383659
-1229.52766494,1164.76572333
-1229.47154418,1164.95769043
-1229.41569520,1165.14973685
-1229.36011616,1165.34186157
-1229.30480535,1165.53406359
-1229.24976460,1165.72634299
-1229.19499924,1165.91870086
-1229.14051475,1166.11113834
-1229.08631661,1166.30365656
-1229.03241028,1166.49625667
-1228.97880125,1166.68893979
-1228.92549499,1166.88170708
-1228.87249696,1167.07455966
-1228.81981266,1167.26749868
-1228.76744756,1167.46052528
-1228.71540811,1167.65364076
-1228.66370557,1167.84684725
-1228.61235261,1168.04014712
-1228.56136189,1168.23354275
-1228.51074608,1168.42703651
-1228.46051787,1168.62063076
-1228.41068992,1168.81432789
-1228.36127491,1169.00813026
-1228.31228550,1169.20204025
-1228.26373437,1169.39606022
-1228.21563405,1169.59019252
-1228.16799080,1169.78443781
-1228.12080194,1169.97879440
-1228.07406416,1170.17326041
-1228.02777413,1170.36783397
-1227.98192853,1170.56251322
-1227.93652404,1170.75729627
-1227.89155732,1170.95218127
-1227.84702506,1171.14716632
-1227.80292394,1171.34224957
-1227.75925062,1171.53742914
-1227.71600389,1171.73270362
-1227.67319089,1171.92807343
-1227.63082085,1172.12353943
-1227.58890298,1172.31910250
-1227.54744650,1172.51476349
-1227.50646063,1172.71052330
-1227.46595459,1172.90638277
-1227.42593761,1173.10234279
-1227.38641888,1173.29840422
-1227.34740765,1173.49456792
-1227.30891359,1173.69083478
-1227.27094954,1173.88720564
-1227.23352962,1174.08368134
-1227.19666797,1174.28026275
-1227.16037872,1174.47695070
-1227.12467602,1174.67374604
-1227.08957398,1174.87064962
-1227.05508676,1175.06766228
-1227.02122848,1175.26478489
-1226.98801328,1175.46201827
-1226.95545533,1175.65936328
-1226.92357075,1175.85682033
-1226.89237891,1176.05438910
-1226.86189947,1176.25206924
-1226.83215207,1176.44986038
-1226.80315638,1176.64776215
-1226.77493205,1176.84577418
-1226.74749874,1177.04389611
-1226.72087611,1177.24212758
-1226.69508380,1177.44046821
-1226.67014147,1177.63891764
-1226.64606639,1177.83747506
-1226.62286329,1178.03613739
-1226.60053281,1178.23490077
-1226.57907562,1178.43376137
-1226.55849236,1178.63271535
-1226.53878368,1178.83175886
-1226.51995024,1179.03088806
-1226.50199270,1179.23009911
-1226.48491169,1179.42938818
-1226.46870788,1179.62875141
-1226.45338195,1179.82818494
-1226.43893482,1180.02768455
-1226.42536752,1180.22724588
-1226.41268110,1180.42686456
-1226.40087660,1180.62653621
-1226.38995507,1180.82625648
-1226.37991756,1181.02602098
-1226.37076509,1181.22582534
-1226.36249872,1181.42566521
-1226.35511950,1181.62553620
-1226.34862700,1181.82543401
-1226.34299557,1182.02535528
-1226.33817803,1182.22529750
-1226.33412657,1182.42525817
-1226.33079334,1182.62523479
-1226.32813051,1182.82522487
-1226.32609025,1183.02522592
-1226.32462471,1183.22523543
-1226.32368606,1183.42525092
-1226.32322647,1183.62526988
-1226.32319810,1183.82528982
-1226.32356392,1184.02530838
-1226.32433642,1184.22532382
-1226.32554232,1184.42533458
-1226.32720831,1184.62533909
-1226.32936109,1184.82533578
-1226.33202737,1185.02532310
-1226.33523386,1185.22529948
-1226.33900726,1185.42526336
-1226.34337426,1185.62521317
-1226.34836158,1185.82514734
-1226.35399542,1186.02506434
-1226.36027855,1186.22496312
-1226.36718077,1186.42484339
-1226.37466938,1186.62470491
-1226.38271168,1186.82454744
-1226.39127498,1187.02437075
-1226.40032658,1187.22417459
-1226.40983378,1187.42395872
-1226.41976389,1187.62372290
-1226.43008421,1187.82346690
-1226.44076204,1188.02319047
-1226.45176358,1188.22289370
-1226.46304853,1188.42257863
-1226.47457421,1188.62224800
-1226.48629794,1188.82190456
-1226.49817705,1189.02155103
-1226.51016885,1189.22119017
-1226.52223068,1189.42082472
-1226.53431986,1189.62045741
-1226.54639370,1189.82009099
-1226.55840953,1190.01972821
-1226.57032980,1190.21937147
-1226.58215612,1190.41902071
-1226.59390816,1190.61867470
-1226.60560570,1190.81833220
-1226.61726851,1191.01799201
-1226.62891637,1191.21765287
-1226.64056906,1191.41731357
-1226.65224634,1191.61697288
-1226.66396800,1191.81662956
-1226.67575380,1192.01628239
-1226.68762281,1192.21593018
-1226.69958234,1192.41557247
-1226.71163008,1192.61520939
-1226.72376345,1192.81484108
-1226.73597986,1193.01446769
-1226.74827673,1193.21408936
-1226.76065148,1193.41370624
-1226.77310151,1193.61331847
-1226.78562425,1193.81292620
-1226.79821710,1194.01252957
-1226.81087748,1194.21212874
-1226.82359816,1194.41172412
-1226.83636113,1194.61131685
-1226.84914686,1194.81090812
-1226.86193578,1195.01049914
-1226.87470834,1195.21009111
-1226.88744500,1195.40968526
-1226.90012620,1195.60928278
-1226.91273239,1195.80888489
-1226.92524401,1196.00849278
-1226.93764152,1196.20810768
-1226.94990683,1196.40773069
-1226.96204150,1196.60736173
-1226.97406119,1196.80699984
-1226.98598187,1197.00664404
-1226.99781948,1197.20629335
-1227.00958998,1197.40594681
-1227.02130934,1197.60560344
-1227.03299352,1197.80526225
-1227.04465847,1198.00492228
-1227.05632014,1198.20458254
-1227.06799451,1198.40424207
-1227.07969671,1198.60389993
-1227.09143818,1198.80355542
-1227.10322932,1199.00320789
-1227.11508053,1199.20285671
-1227.12700222,1199.40250122
-1227.13900479,1199.60214079
-1227.15109864,1199.80177477
-1227.16329417,1200.00140251
-1227.17560178,1200.20102338
-1227.18803187,1200.40063672
-1227.20059413,1200.60024194
-1227.21329203,1200.79983872
-1227.22612586,1200.99942693
-1227.23909588,1201.19900641
-1227.25220235,1201.39857703
-1227.26544554,1201.59813863
-1227.27882572,1201.79769107
-1227.29234313,1201.99723422
-1227.30599806,1202.19676791
-1227.31979076,1202.39629202
-1227.33372123,1202.59580641
-1227.34778585,1202.79531128
-1227.36197833,1202.99480706
-1227.37629234,1203.19429416
-1227.39072153,1203.39377303
-1227.40525955,1203.59324409
-1227.41990006,1203.79270776
-1227.43463671,1203.99216449
-1227.44946317,1204.19161469
-1227.46437308,1204.39105880
-1227.47936021,1204.59049723
-1227.49442406,1204.78992995
-1227.50957249,1204.98935626
-1227.52481402,1205.18877541
-1227.54015717,1205.38818664
-1227.55561046,1205.58758921
-1227.57118242,1205.78698235
-1227.58688157,1205.98636531
-1227.60271642,1206.18573734
-1227.61869551,1206.38509770
-1227.63482735,1206.58444561
-1227.65111634,1206.78378069
-1227.66754781,1206.98310411
-1227.68410154,1207.18241755
-1227.70075731,1207.38172266
-1227.71749492,1207.58102110
-1227.73429416,1207.78031453
-1227.75113480,1207.97960462
-1227.76799663,1208.17889301
-1227.78485945,1208.37818137
-1227.80170304,1208.57747136
-1227.81850878,1208.77676451
-1227.83527899,1208.97606059
-1227.85203077,1209.17535815
-1227.86878154,1209.37465570
-1227.88554871,1209.57395178
-1227.90234967,1209.77324489
-1227.91920185,1209.97253355
-1227.93612266,1210.17181629
-1227.95312949,1210.37109163
-1227.97023977,1210.57035807
-1227.98747067,1210.76961417
-1228.00483025,1210.96885920
-1228.02231499,1211.16809341
-1228.03992057,1211.36731711
-1228.05764271,1211.56653060
-1228.07547710,1211.76573418
-1228.09341944,1211.96492816
-1228.11146544,1212.16411284
-1228.12961078,1212.36328854
-1228.14785119,1212.56245554
-1228.16618234,1212.76161417
-1228.18460148,1212.96076458
-1228.20311309,1213.15990632
-1228.22172383,1213.35903873
-1228.24044037,1213.55816116
-1228.25926936,1213.75727295
-1228.27821745,1213.95637345
-1228.29729131,1214.15546200
-1228.31649759,1214.35453796
-1228.33584296,1214.55360067
-1228.35533406,1214.75264947
-1228.37497779,1214.95168367
-1228.39478340,1215.15070214
-1228.41476159,1215.34970350
-1228.43492307,1215.54868633
-1228.45527855,1215.74764926
-1228.47583875,1215.94659089
-1228.49661438,1216.14550981
-1228.51761615,1216.34440465
-1228.53885478,1216.54327400
-1228.56034098,1216.74211647
-1228.58208517,1216.94093070
-1228.60408678,1217.13971657
-1228.62633116,1217.33847557
-1228.64880276,1217.53720927
-1228.67148600,1217.73591926
-1228.69436533,1217.93460712
-1228.71742519,1218.13327445
-1228.74065001,1218.33192281
-1228.76402424,1218.53055380
-1228.78753230,1218.72916900
-1228.81115864,1218.92776999
-1228.83489015,1219.12635811
-1228.85872294,1219.32493379
-1228.88265523,1219.52349724
-1228.90668529,1219.72204866
-1228.93081137,1219.92058826
-1228.95503170,1220.11911626
-1228.97934454,1220.31763287
-1229.00374814,1220.51613830
-1229.02824075,1220.71463275
-1229.05282060,1220.91311644
-1229.07748598,1221.11158957
-1229.10223545,1221.31005230
-1229.12706780,1221.50850473
-1229.15198185,1221.70694698
-1229.17697640,1221.90537916
-1229.20205027,1222.10380136
-1229.22720225,1222.30221372
-1229.25243117,1222.50061632
-1229.27773583,1222.69900929
-1229.30311503,1222.89739273
-1229.32856758,1223.09576676
-1229.35409002,1223.29413177
-1229.37967308,1223.49248896
-1229.40530655,1223.69083962
-1229.43098024,1223.88918506
-1229.45668393,1224.08752659
-1229.48240742,1224.28586550
-1229.50814051,1224.48420311
-1229.53387300,1224.68254071
-1229.55959469,1224.88087961
-1229.58529537,1225.07922112
-1229.61096477,1225.27756655
-1229.63659191,1225.47591733
-1229.66216544,1225.67427500
-1229.68767399,1225.87264105
-1229.71310620,1226.07101699
-1229.73845069,1226.26940436
-1229.76369611,1226.46780464
-1229.78883108,1226.66621937
-1229.81384425,1226.86465005
-1229.83872425,1227.06309819
-1229.86345966,1227.26156531
-1229.88803482,1227.46005320
-1229.91242652,1227.65856411
-1229.93661073,1227.85710038
-1229.96056347,1228.05566432
-1229.98426072,1228.25425823
-1230.00767847,1228.45288444
-1230.03079273,1228.65154527
-1230.05357949,1228.85024303
-1230.07601473,1229.04898004
-1230.09807447,1229.24775861
-1230.11973831,1229.44658066
-1230.14101437,1229.64544496
-1230.16192426,1229.84434877
-1230.18248965,1230.04328936
-1230.20273221,1230.24226400
-1230.22267361,1230.44126994
-1230.24233553,1230.64030446
-1230.26173965,1230.83936482
-1230.28090764,1231.03844828
-1230.29986117,1231.23755211
-1230.31862191,1231.43667357
-1230.33720802,1231.63581046
-1230.35562913,1231.83496186
-1230.37389357,1232.03412703
-1230.39200968,1232.23330527
-1230.40998580,1232.43249584
-1230.42783027,1232.63169801
-1230.44555144,1232.83091106
-1230.46315764,1233.03013427
-1230.48065720,1233.22936690
-1230.49805848,1233.42860824
-1230.51536953,1233.62785758
-1230.53259036,1233.82711487
-1230.54971199,1234.02638080
-1230.56672496,1234.22565610
-1230.58361979,1234.42494148
-1230.60038703,1234.62423768
-1230.61701720,1234.82354542
-1230.63350085,1235.02286542
-1230.64982849,1235.22219841
-1230.66599068,1235.42154512
-1230.68197797,1235.62090626
-1230.69778196,1235.82028233
-1230.71339550,1236.01967358
-1230.72881153,1236.21908022
-1230.74402302,1236.41850247
-1230.75902289,1236.61794054
-1230.77380410,1236.81739466
-1230.78835958,1237.01686504
-1230.80268229,1237.21635190
-1230.81676516,1237.41585546
-1230.83060126,1237.61537593
-1230.84419460,1237.81491286
-1230.85756895,1238.01446461
-1230.87075019,1238.21402942
-1230.88376418,1238.41360551
-1230.89663677,1238.61319111
-1230.90939384,1238.81278447
-1230.92206125,1239.01238382
-1230.93466486,1239.21198738
-1230.94723053,1239.41159340
-1230.95978413,1239.61120009
-1230.97234556,1239.81080611
-1230.98490874,1240.01041180
-1230.99746056,1240.21001799
-1231.00998791,1240.40962553
-1231.02247768,1240.60923523
-1231.03491676,1240.80884792
-1231.04729203,1241.00846445
-1231.05959037,1241.20808563
-1231.07179869,1241.40771231
-1231.08390386,1241.60734530
-1231.09589301,1241.80698542
-1231.10775922,1242.00663307
-1231.11950194,1242.20628817
-1231.13112089,1242.40595064
-1231.14261581,1242.60562040
-1231.15398643,1242.80529736
-1231.16523247,1243.00498144
-1231.17635368,1243.20467254
-1231.18734979,1243.40437059
-1231.19822052,1243.60407550
-1231.20896562,1243.80378718
-1231.21958492,1244.00350554
-1231.23007901,1244.20323048
-1231.24044884,1244.40296188
-1231.25069532,1244.60269961
-1231.26081939,1244.80244355
-1231.27082199,1245.00219359
-1231.28070403,1245.20194961
-1231.29046646,1245.40171148
-1231.30011020,1245.60147908
-1231.30963619,1245.80125230
-1231.31904539,1246.00103101
-1231.32834030,1246.20081505
-1231.33752545,1246.40060415
-1231.34660551,1246.60039806
-1231.35558513,1246.80019654
-1231.36446899,1246.99999933
-1231.37326174,1247.19980617
-1231.38196806,1247.39961681
-1231.39059260,1247.59943099
-1231.39914004,1247.79924847
-1231.40761503,1247.99906899
-1231.41602244,1248.19889231
-1231.42436738,1248.39871821
-1231.43265502,1248.59854647
-1231.44089051,1248.79837687
-1231.44907902,1248.99820920
-1231.45722570,1249.19804324
-1231.46533571,1249.39787878
-1231.47341421,1249.59771558
-1231.48146636,1249.79755345
-1231.48949730,1249.99739215
-1231.49751185,1250.19723149
-1231.50550998,1250.39707147
-1231.51348817,1250.59691223
-1231.52144287,1250.79675392
-1231.52937048,1250.99659669
-1231.53726743,1251.19644068
-1231.54513014,1251.39628606
-1231.55295505,1251.59613296
-1231.56073856,1251.79598153
-1231.56847711,1251.99583193
-1231.57616713,1252.19568430
-1231.58381364,1252.39553844
-1231.59144421,1252.59539324
-1231.59909009,1252.79524743
-1231.60678251,1252.99509976
-1231.61455272,1253.19494895
-1231.62243196,1253.39479375
-1231.63045146,1253.59463290
-1231.63864247,1253.79446513
-1231.64703622,1253.99428918
-1231.65566397,1254.19410379
-1231.66455445,1254.39390772
-1231.67372071,1254.59369991
-1231.68316976,1254.79347936
-1231.69290856,1254.99324508
-1231.70294409,1255.19299608
-1231.71328334,1255.39273135
-1231.72393327,1255.59244990
-1231.73490086,1255.79215074
-1231.74619309,1255.99183286
-1231.75781694,1256.19149529
-1231.76977836,1256.39113709
-1231.78206742,1256.59075858
-1231.79466157,1256.79036105
-1231.80753793,1256.98994582
-1231.82067362,1257.18951421
-1231.83404576,1257.38906752
-1231.84763145,1257.58860709
-1231.86140782,1257.78813422
-1231.87535199,1257.98765024
-1231.88944106,1258.18715645
-1231.90365215,1258.38665417
-1231.91796742,1258.58614438
-1231.93239571,1258.78562618
-1231.94695464,1258.98509808
-1231.96166188,1259.18455856
-1231.97653506,1259.38400614
-1231.99159184,1259.58343930
-1232.00684986,1259.78285655
-1232.02232676,1259.98225639
-1232.03804020,1260.18163731
-1232.05400782,1260.38099782
-1232.07024721,1260.58033641
-1232.08676788,1260.77965219
-1232.10356328,1260.97894542
-1232.12062494,1261.17821654
-1232.13794440,1261.37746594
-1232.15551319,1261.57669405
-1232.17332284,1261.77590129
-1232.19136489,1261.97508808
-1232.20963087,1262.17425482
-1232.22811231,1262.37340194
-1232.24680075,1262.57252985
-1232.26568835,1262.77163892
-1232.28477680,1262.97072863
-1232.30407519,1263.16979781
-1232.32359285,1263.36884525
-1232.34333906,1263.56786976
-1232.36332315,1263.76687014
-1232.38355441,1263.96584519
-1232.40404215,1264.16479371
-1232.42479567,1264.36371450
-1232.44582429,1264.56260636
-1232.46713730,1264.76146809
-1232.48874196,1264.96029868
-1232.51063689,1265.15909787
-1232.53281844,1265.35786559
-1232.55528295,1265.55660181
-1232.57802677,1265.75530646
-1232.60104625,1265.95397949
-1232.62433773,1266.15262083
-1232.64789757,1266.35123045
-1232.67172211,1266.54980827
-1232.69580770,1266.74835425
-1232.72015040,1266.94686837
-1232.74473994,1267.14535163
-1232.76955988,1267.34380600
-1232.79459352,1267.54223346
-1232.81982415,1267.74063605
-1232.84523507,1267.93901575
-1232.87080957,1268.13737459
-1232.89653095,1268.33571456
-1232.92238251,1268.53403767
-1232.94834755,1268.73234593
-1232.97440936,1268.93064134
-1233.00055318,1269.12892572
-1233.02676930,1269.32720035
-1233.05304885,1269.52546642
-1233.07938296,1269.72372515
-1233.10576274,1269.92197772
-1233.13217933,1270.12022535
-1233.15862385,1270.31846923
-1233.18508741,1270.51671056
-1233.21156116,1270.71495055
-1233.23803621,1270.91319038
-1233.26450522,1271.11143107
-1233.29097155,1271.30967215
-1233.31744306,1271.50791257
-1233.34392768,1271.70615125
-1233.37043329,1271.90438713
-1233.39696780,1272.10261915
-1233.42353912,1272.30084623
-1233.45015515,1272.49906732
-1233.47682378,1272.69728135
-1233.50355293,1272.89548725
-1233.53035033,1273.09368397
-1233.55722058,1273.29187088
-1233.58416544,1273.49004769
-1233.61118652,1273.68821412
-1233.63828547,1273.88636993
-1233.66546392,1274.08451484
-1233.69272350,1274.28264858
-1233.72006586,1274.48077089
-1233.74749263,1274.67888150
-1233.77500543,1274.87698015
-1233.80260586,1275.07506657
-1233.83029180,1275.27314103
-1233.85805508,1275.47120467
-1233.88588693,1275.66925871
-1233.91377861,1275.86730435
-1233.94172137,1276.06534281
-1233.96970645,1276.26337531
-1233.99772511,1276.46140306
-1234.02576859,1276.65942729
-1234.05382815,1276.85744919
-1234.08189503,1277.05546999
-1234.10996497,1277.25349029
-1234.13804501,1277.45150910
-1234.16614402,1277.64952518
-1234.19427085,1277.84753732
-1234.22243434,1278.04554428
-1234.25064336,1278.24354483
-1234.27890675,1278.44153774
-1234.30723336,1278.63952179
-1234.33563204,1278.83749573
-1234.36411165,1279.03545836
-1234.39267256,1279.23340960
-1234.42128328,1279.43135388
-1234.44990481,1279.62929663
-1234.47849817,1279.82724330
-1234.50702437,1280.02519934
-1234.53544444,1280.22317019
-1234.56371938,1280.42116130
-1234.59181020,1280.61917812
-1234.61967794,1280.81722608
-1234.64728358,1281.01531064
-1234.67459365,1281.21343645
-1234.70160702,1281.41160340
-1234.72833440,1281.60980969
-1234.75478652,1281.80805349
-1234.78097412,1282.00633299
-1234.80690793,1282.20464635
-1234.83259867,1282.40299177
-1234.85805709,1282.60136742
-1234.88329390,1282.79977148
-1234.90831985,1282.99820213
-1234.93314490,1283.19665765
-1234.95777097,1283.39513754
-1234.98219506,1283.59364200
-1235.00641411,1283.79217126
-1235.03042506,1283.99072553
-1235.05422484,1284.18930503
-1235.07781041,1284.38790998
-1235.10117869,1284.58654060
-1235.12432662,1284.78519710
-1235.14725115,1284.98387972
-1235.16994900,1285.18258868
-1235.19241141,1285.38132469
-1235.21462385,1285.58008893
-1235.23657154,1285.77888263
-1235.25823967,1285.97770698
-1235.27961347,1286.17656321
-1235.30067814,1286.37545253
-1235.32141887,1286.57437615
-1235.34182090,1286.77333528
-1235.36186940,1286.97233114
-1235.38154961,1287.17136494
-1235.40084624,1287.37043758
-1235.41974300,1287.56954934
-1235.43822345,1287.76870039
-1235.45627116,1287.96789090
-1235.47386970,1288.16712106
-1235.49100262,1288.36639104
-1235.50765349,1288.56570101
-1235.52380587,1288.76505115
-1235.53944333,1288.96444164
-1235.55454943,1289.16387265
-1235.56911086,1289.36334413
-1235.58313580,1289.56285443
-1235.59664149,1289.76240125
-1235.60964521,1289.96198224
-1235.62216423,1290.16159511
-1235.63421584,1290.36123753
-1235.64581730,1290.56090719
-1235.65698590,1290.76060175
-1235.66773891,1290.96031891
-1235.67809361,1291.16005635
-1235.68806732,1291.35981175
-1235.69768061,1291.55958316
-1235.70695969,1291.75936926
-1235.71593133,1291.95916877
-1235.72462231,1292.15898043
-1235.73305939,1292.35880298
-1235.74126934,1292.55863515
-1235.74927893,1292.75847567
-1235.75711494,1292.95832329
-1235.76480412,1293.15817672
-1235.77237326,1293.35803472
-1235.77984702,1293.55789610
-1235.78723205,1293.75776053
-1235.79452583,1293.95762807
-1235.80172575,1294.15749881
-1235.80882921,1294.35737281
-1235.81583361,1294.55725016
-1235.82273634,1294.75713092
-1235.82953480,1294.95701519
-1235.83622638,1295.15690303
-1235.84280849,1295.35679451
-1235.84927866,1295.55668972
-1235.85563647,1295.75658862
-1235.86188300,1295.95649111
-1235.86801936,1296.15639710
-1235.87404663,1296.35630648
-1235.87996594,1296.55621915
-1235.88577837,1296.75613503
-1235.89148505,1296.95605400
-1235.89708706,1297.15597596
-1235.90258553,1297.35590082
-1235.90798153,1297.55582849
-1235.91327529,1297.75575887
-1235.91846552,1297.95569195
-1235.92355079,1298.15562769
-1235.92852967,1298.35556606
-1235.93340072,1298.55550704
-1235.93816252,1298.75545061
-1235.94281362,1298.95539673
-1235.94735259,1299.15534537
-1235.95177801,1299.35529650
-1235.95608843,1299.55525011
-1235.96028293,1299.75520615
-1235.96436498,1299.95516451
-1235.96834029,1300.15512505
-1235.97221459,1300.35508761
-1235.97599363,1300.55505205
-1235.97968314,1300.75501821
-1235.98328886,1300.95498595
-1235.98681651,1301.15495511
-1235.99027185,1301.35492556
-1235.99366061,1301.55489714
-1235.99698850,1301.75486970
-1236.00025983,1301.95484313
-1236.00347553,1302.15481740
-1236.00663609,1302.35479251
-1236.00974199,1302.55476844
-1236.01279373,1302.75474518
-1236.01579178,1302.95472272
-1236.01873664,1303.15470105
-1236.02162878,1303.35468015
-1236.02446870,1303.55466001
-1236.02725688,1303.75464063
-1236.02999337,1303.95462198
-1236.03267679,1304.15460407
-1236.03530544,1304.35458690
-1236.03787763,1304.55457046
-1236.04039167,1304.75455476
-1236.04284587,1304.95453980
-1236.04523852,1305.15452556
-1236.04756794,1305.35451206
-1236.04983244,1305.55449929
-1236.05203031,1305.75448725
-1236.05416019,1305.95447594
-1236.05622332,1306.15446532
-1236.05822228,1306.35445536
-1236.06015965,1306.55444602
-1236.06203799,1306.75443726
-1236.06385989,1306.95442904
-1236.06562793,1307.15442131
-1236.06734468,1307.35441405
-1236.06901272,1307.55440720
-1236.07063464,1307.75440072
-1236.07221297,1307.95439459
-1236.07374883,1308.15438877
-1236.07524091,1308.35438326
-1236.07668769,1308.55437807
-1236.07808763,1308.75437321
-1236.07943921,1308.95436867
-1236.08074092,1309.15436446
-1236.08199121,1309.35436059
-1236.08318857,1309.55435706
-1236.08433146,1309.75435387
-1236.08541837,1309.95435102
-1236.08644764,1310.15434853
-1236.08741627,1310.35434637
-1236.08832050,1310.55434453
-1236.08915654,1310.75434299
-1236.08992061,1310.95434172
-1236.09060893,1311.15434070
-1236.09121773,1311.35433991
-1236.09174321,1311.55433933
-1236.09218159,1311.75433894
-1236.09252911,1311.95433872
-1236.09278197,1312.15433865
-1236.09293686,1312.35433869
-1236.09299253,1312.55433881
-1236.09294831,1312.75433896
-1236.09280352,1312.95433908
-1236.09255748,1313.15433914
-1236.09220952,1313.35433907
-1236.09175895,1313.55433883
-1236.09120511,1313.75433837
-1236.09054731,1313.95433764
-1236.08978488,1314.15433660
-1236.08891714,1314.35433518
-1236.08794146,1314.55433332
-1236.08685035,1314.75433088
-1236.08563558,1314.95432770
-1236.08428891,1315.15432363
-1236.08280210,1315.35431853
-1236.08116691,1315.55431225
-1236.07937510,1315.75430462
-1236.07741844,1315.95429551
-1236.07528868,1316.15428477
-1236.07297759,1316.35427223
-1236.07047693,1316.55425775
-1236.06777861,1316.75424105
-1236.06487473,1316.95422168
-1236.06175739,1317.15419916
-1236.05841871,1317.35417303
-1236.05485079,1317.55414282
-1236.05104575,1317.75410807
-1236.04699571,1317.95406830
-1236.04269276,1318.15402305
-1236.03812903,1318.35397185
-1236.03329662,1318.55391424
-1236.02818806,1318.75384975
-1236.02280164,1318.95377804
-1236.01713990,1319.15369886
-1236.01120550,1319.35361194
-1236.00500110,1319.55351702
-1235.99852933,1319.75341386
-1235.99179287,1319.95330219
-1235.98479434,1320.15318176
-1235.97753642,1320.35305232
-1235.97002175,1320.55291360
-1235.96225297,1320.75276534
-1235.95423112,1320.95260722
-1235.94594777,1321.15243841
-1235.93739114,1321.35225795
-1235.92854944,1321.55206486
-1235.91941088,1321.75185816
-1235.90996366,1321.95163687
-1235.90019600,1322.15140001
-1235.89009610,1322.35114661
-1235.87965217,1322.55087570
-1235.86885242,1322.75058628
-1235.85768506,1322.95027739
-1235.84613880,1323.14994784
-1235.83420343,1323.34959601
-1235.82186886,1323.54922019
-1235.80912502,1323.74881871
-1235.79596184,1323.94838987
-1235.78236923,1324.14793200
-1235.76833711,1324.34744339
-1235.75385541,1324.54692237
-1235.73891406,1324.74636725
-1235.72350297,1324.94577633
-1235.70761257,1325.14514797
-1235.69124013,1325.34448089
-1235.67438784,1325.54377413
-1235.65705801,1325.74302673
-1235.63925295,1325.94223770
-1235.62097498,1326.14140610
-1235.60222640,1326.34053094
-1235.58300951,1326.53961128
-1235.56332664,1326.73864612
-1235.54318008,1326.93763452
-1235.52257214,1327.13657551
-1235.50150415,1327.33546805
-1235.47997451,1327.53431089
-1235.45798110,1327.73310278
-1235.43552181,1327.93184242
-1235.41259452,1328.13052855
-1235.38919711,1328.32915988
-1235.36532747,1328.52773516
-1235.34098347,1328.72625309
-1235.31616300,1328.92471240
-1235.29086395,1329.12311182
-1235.26508375,1329.32144999
-1235.23881471,1329.51972451
-1235.21204577,1329.71793231
-1235.18476581,1329.91607032
-1235.15696370,1330.11413544
-1235.12862832,1330.31212460
-1235.09974854,1330.51003471
-1235.07031325,1330.70786270
-1235.04031131,1330.90560548
-1235.00973161,1331.10325998
-1234.97856307,1331.30082311
-1234.94679773,1331.49829200
-1234.91443264,1331.69566409
-1234.88146528,1331.89293688
-1234.84789314,1332.09010783
-1234.81371371,1332.28717442
-1234.77892447,1332.48413414
-1234.74352290,1332.68098447
-1234.70750651,1332.87772287
-1234.67087276,1333.07434684
-1234.63361917,1333.27085386
-1234.59574575,1333.46724198
-1234.55725810,1333.66351058
-1234.51816259,1333.85965918
-1234.47846557,1334.05568733
-1234.43817342,1334.25159457
-1234.39729249,1334.44738044
-1234.35582914,1334.64304446
-1234.31378974,1334.83858619
-1234.27118065,1335.03400515
-1234.22800823,1335.22930089
-1234.18427837,1335.42447283
-1234.13998905,1335.61951852
-1234.09513181,1335.81443401
-1234.04969797,1336.00921526
-1234.00367887,1336.20385827
-1233.95706585,1336.39835902
-1233.90985023,1336.59271349
-1233.86202337,1336.78691767
-1233.81357658,1336.98096753
-1233.76450121,1337.17485907
-1233.71478866,1337.36858828
-1233.66443641,1337.56215265
-1233.61345262,1337.75555231
-1233.56184648,1337.94878761
-1233.50962722,1338.14185894
-1233.45680404,1338.33476666
-1233.40338617,1338.52751115
-1233.34938281,1338.72009277
-1233.29480318,1338.91251191
-1233.23965649,1339.10476894
-1233.18395196,1339.29686422
-1233.12769896,1339.48879829
-1233.07090812,1339.68057276
-1233.01359065,1339.87218979
-1232.95575773,1340.06365149
-1232.89742056,1340.25496002
-1232.83859034,1340.44611750
-1232.77927827,1340.63712608
-1232.71949553,1340.82798789
-1232.65925333,1341.01870506
-1232.59856287,1341.20927974
-1232.53743515,1341.39971402
-1232.47587719,1341.59000901
-1232.41389211,1341.78016489
-1232.35148284,1341.97018178
-1232.28865236,1342.16005983
-1232.22540359,1342.34979915
-1232.16173949,1342.53939989
-1232.09766301,1342.72886216
-1232.03317710,1342.91818611
-1231.96828471,1343.10737187
-1231.90298878,1343.29641955
-1231.83728822,1343.48532775
-1231.77117119,1343.67409087
-1231.70462407,1343.86270267
-1231.63763321,1344.05115687
-1231.57018499,1344.23944722
-1231.50226578,1344.42756744
-1231.43386194,1344.61551129
-1231.36495986,1344.80327249
-1231.29554589,1344.99084478
-1231.22560640,1345.17822191
-1231.15512829,1345.36539777
-1231.08410667,1345.55236896
-1231.01254319,1345.73913421
-1230.94043972,1345.92569233
-1230.86779812,1346.11204211
-1230.79462024,1346.29818235
-1230.72090793,1346.48411185
-1230.64666306,1346.66982940
-1230.57188748,1346.85533381
-1230.49658304,1347.04062388
-1230.42075160,1347.22569839
-1230.34439505,1347.41055628
-1230.26751531,1347.59519676
-1230.19011433,1347.77961908
-1230.11219404,1347.96382249
-1230.03375640,1348.14780623
-1229.95480333,1348.33156957
-1229.87533679,1348.51511175
-1229.79535871,1348.69843201
-1229.71487103,1348.88152962
-1229.63387570,1349.06440382
-1229.55237434,1349.24705367
-1229.47036721,1349.42947736
-1229.38785418,1349.61167286
-1229.30483515,1349.79363816
-1229.22131002,1349.97537122
-1229.13727865,1350.15687002
-1229.05274095,1350.33813253
-1228.96769680,1350.51915672
-1228.88214609,1350.69994057
-1228.79608870,1350.88048204
-1228.70952579,1351.06077979
-1228.62247611,1351.24084182
-1228.53497117,1351.42068293
-1228.44704281,1351.60031811
-1228.35872285,1351.77976231
-1228.27004312,1351.95903051
-1228.18103544,1352.13813767
-1228.09173164,1352.31709876
-1228.00216354,1352.49592875
-1227.91236296,1352.67464261
-1227.82236172,1352.85325529
-1227.73217956,1353.03177584
-1227.64180459,1353.21019773
-1227.55121978,1353.38851196
-1227.46040813,1353.56670948
-1227.36935259,1353.74478128
-1227.27803616,1353.92271832
-1227.18644180,1354.10051158
-1227.09455250,1354.27815204
-1227.00235124,1354.45563065
-1226.90982098,1354.63293840
-1226.81694695,1354.81006735
-1226.72372822,1354.98701622
-1226.63016912,1355.16378633
-1226.53627401,1355.34037895
-1226.44204724,1355.51679539
-1226.34749316,1355.69303695
-1226.25261613,1355.86910491
-1226.15742050,1356.04500059
-1226.06191063,1356.22072527
-1225.96609085,1356.39628025
-1225.86996704,1356.57166773
-1225.77355735,1356.74689734
-1225.67688602,1356.92198236
-1225.57997732,1357.09693611
-1225.48285554,1357.27177190
-1225.38554495,1357.44650303
-1225.28806982,1357.62114281
-1225.19045443,1357.79570456
-1225.09272305,1357.97020159
-1224.99489997,1358.14464721
-1224.89700942,1358.31905470
-1224.79906992,1358.49343426
-1224.70108738,1358.66778924
-1224.60306607,1358.84212207
-1224.50501024,1359.01643522
-1224.40692414,1359.19073112
-1224.30881203,1359.36501223
-1224.21067815,1359.53928100
-1224.11252678,1359.71353986
-1224.01436215,1359.88779127
-1223.91618853,1360.06203767
-1223.81801009,1360.23628147
-1223.71983061,1360.41052478
-1223.62165367,1360.58476961
-1223.52348290,1360.75901799
-1223.42532189,1360.93327192
-1223.32717425,1361.10753341
-1223.22904359,1361.28180449
-1223.13093352,1361.45608717
-1223.03284764,1361.63038346
-1222.93478955,1361.80469537
-1222.83676280,1361.97902488
-1222.73876875,1362.15337276
-1222.64080627,1362.32773835
-1222.54287410,1362.50212097
-1222.44497096,1362.67651988
-1222.34709560,1362.85093437
-1222.24924674,1363.02536374
-1222.15142312,1363.19980727
-1222.05362346,1363.37426424
-1221.95584652,1363.54873395
-1221.85809101,1363.72321568
-1221.76035583,1363.89770880
-1221.66264017,1364.07221286
-1221.56494324,1364.24672740
-1221.46726424,1364.42125198
-1221.36960239,1364.59578614
-1221.27195689,1364.77032944
-1221.17432696,1364.94488144
-1221.07671182,1365.11944168
-1220.97911065,1365.29400971
-1220.88152269,1365.46858509
-1220.78394680,1365.64316718
-1220.68637969,1365.81775415
-1220.58881723,1365.99234372
-1220.49125530,1366.16693359
-1220.39368978,1366.34152147
-1220.29611652,1366.51610507
-1220.19853140,1366.69068210
-1220.10093029,1366.86525027
-1220.00330907,1367.03980729
-1219.90566360,1367.21435086
-1219.80798971,1367.38887867
-1219.71028082,1367.56338701
-1219.61252663,1367.73787003
-1219.51471650,1367.91232167
-1219.41683981,1368.08673591
-1219.31888594,1368.26110669
-1219.22084426,1368.43542797
-1219.12270415,1368.60969371
-1219.02445499,1368.78389787
-1218.92608614,1368.95803440
-1218.82758699,1369.13209727
-1218.72894839,1369.30608126
-1218.63017045,1369.47998633
-1218.53125685,1369.65381442
-1218.43221129,1369.82756750
-1218.33303744,1370.00124752
-1218.23373900,1370.17485643
-1218.13431966,1370.34839620
-1218.03478311,1370.52186877
-1217.93513302,1370.69527611
-1217.83537310,1370.86862017
-1217.73550722,1371.04190303
-1217.63554146,1371.21512812
-1217.53548340,1371.38829982
-1217.43534063,1371.56142249
-1217.33512072,1371.73450051
-1217.23483127,1371.90753825
-1217.13447988,1372.08054010
-1217.03407412,1372.25351042
-1216.93362158,1372.42645359
-1216.83312987,1372.59937398
-1216.73260654,1372.77227597
-1216.63205807,1372.94516329
-1216.53148897,1373.11803857
-1216.43090358,1373.29090435
-1216.33030625,1373.46376316
-1216.22970130,1373.63661754
-1216.12909308,1373.80947000
-1216.02848592,1373.98232309
-1215.92788416,1374.15517933
-1215.82729213,1374.32804126
-1215.72671418,1374.50091141
-1215.62615448,1374.67379221
-1215.52561654,1374.84668570
-1215.42510371,1375.01959379
-1215.32461933,1375.19251840
-1215.22416672,1375.36546147
-1215.12374924,1375.53842491
-1215.02337022,1375.71141064
-1214.92303299,1375.88442059
-1214.82274091,1376.05745668
-1214.72249731,1376.23052083
-1214.62230508,1376.40361471
-1214.52216221,1376.57673715
-1214.42206363,1376.74988521
-1214.32200423,1376.92305595
-1214.22197888,1377.09624638
-1214.12198247,1377.26945356
-1214.02200987,1377.44267452
-1213.92205597,1377.61590630
-1213.82211565,1377.78914593
-1213.72218380,1377.96239046
