-1264.87824300,1574.23994660
-1264.67828042,1574.24386559
-1264.47831827,1574.24780251
-1264.27835696,1574.25177531
-1264.07839692,1574.25580191
-1263.87843856,1574.25990025
-1263.67848232,1574.26408827
-1263.47852861,1574.26838390
-1263.27857786,1574.27280507
-1263.07863049,1574.27736973
-1262.87868691,1574.28209580
-1262.67874745,1574.28699645
-1262.47881161,1574.29205101
-1262.27887855,1574.29722424
-1262.07894745,1574.30248086
-1261.87901748,1574.30778555
-1261.67908778,1574.31310303
-1261.47915754,1574.31839800
-1261.27922592,1574.32363515
-1261.07929208,1574.32877920
-1260.87935520,1574.33379485
-1260.67941449,1574.33864945
-1260.47946999,1574.34334463
-1260.27952231,1574.34790581
-1260.07957203,1574.35235889
-1259.87961978,1574.35672978
-1259.67966615,1574.36104438
-1259.47971176,1574.36532859
-1259.27975720,1574.36960832
-1259.07980309,1574.37390947
-1258.87985003,1574.37825795
-1258.67989862,1574.38267942
-1258.47994905,1574.38718158
-1258.28000082,1574.39174145
-1258.08005335,1574.39633306
-1257.88010605,1574.40093044
-1257.68015837,1574.40550763
-1257.48020972,1574.41003866
-1257.28025952,1574.41449756
-1257.08030720,1574.41885836
-1256.88035218,1574.42309511
-1256.68039388,1574.42718183
-1256.48043188,1574.43109675
-1256.28046622,1574.43483372
-1256.08049710,1574.43839020
-1255.88052468,1574.44176365
-1255.68054916,1574.44495153
-1255.48057072,1574.44795131
-1255.28058953,1574.45076046
-1255.08060577,1574.45337643
-1254.88061963,1574.45579668
-1254.68063129,1574.45801868
-1254.48064093,1574.46004076
-1254.28064874,1574.46186694
-1254.08065491,1574.46350356
-1253.88065962,1574.46495697
-1253.68066307,1574.46623352
-1253.48066545,1574.46733955
-1253.28066695,1574.46828142
-1253.08066775,1574.46906547
-1252.88066806,1574.46969805
-1252.68066805,1574.47018551
-1252.48066792,1574.47053426
-1252.28066776,1574.47075182
-1252.08066759,1574.47084666
-1251.88066746,1574.47082725
-1251.68066736,1574.47070211
-1251.48066734,1574.47047970
-1251.28066742,1574.47016853
-1251.08066761,1574.46977709
-1250.88066795,1574.46931386
-1250.68066845,1574.46878735
-1250.48066915,1574.46820602
-1250.28067004,1574.46757800
-1250.08067111,1574.46691052
-1249.88067232,1574.46621076
-1249.68067364,1574.46548586
-1249.48067503,1574.46474297
-1249.28067648,1574.46398926
-1249.08067794,1574.46323187
-1248.88067939,1574.46247795
-1248.68068079,1574.46173467
-1248.48068212,1574.46100917
-1248.28068335,1574.46030665
-1248.08068449,1574.45962247
-1247.88068560,1574.45894886
-1247.68068669,1574.45827805
-1247.48068780,1574.45760229
-1247.28068896,1574.45691382
-1247.08069021,1574.45620486
-1246.88069157,1574.45546767
-1246.68069309,1574.45469448
-1246.48069479,1574.45387752
-1246.28069671,1574.45300919
-1246.08069886,1574.45208591
-1245.88070126,1574.45110854
-1245.68070391,1574.45007817
-1245.48070681,1574.44899588
-1245.28070997,1574.44786275
-1245.08071340,1574.44667988
-1244.88071710,1574.44544833
-1244.68072107,1574.44416921
-1244.48072533,1574.44284359
-1244.28072988,1574.44147256
-1244.08073472,1574.44005919
-1243.88073976,1574.43861549
-1243.68074492,1574.43715590
-1243.48075012,1574.43569491
-1243.28075527,1574.43424698
-1243.08076028,1574.43282657
-1242.88076506,1574.43144817
-1242.68076953,1574.43012623
-1242.48077359,1574.42887523
-1242.28077716,1574.42770962
-1242.08078016,1574.42664239
-1241.88078261,1574.42567465
-1241.68078455,1574.42480189
-1241.48078605,1574.42401960
-1241.28078715,1574.42332322
-1241.08078792,1574.42270824
-1240.88078839,1574.42217011
-1240.68078864,1574.42170430
-1240.48078870,1574.42130629
-1240.28078864,1574.42097154
-1240.08078851,1574.42069551
-1239.88078835,1574.42047500
-1239.68078818,1574.42031019
-1239.48078803,1574.42020184
-1239.28078790,1574.42015067
-1239.08078780,1574.42015744
-1238.88078777,1574.42022287
-1238.68078780,1574.42034773
-1238.48078792,1574.42053274
-1238.28078814,1574.42077865
-1238.08078848,1574.42108620
-1237.88078896,1574.42145628
-1237.68078957,1574.42189098
-1237.48079035,1574.42239293
-1237.28079128,1574.42296477
-1237.08079239,1574.42360916
-1236.88079368,1574.42432872
-1236.68079517,1574.42512611
-1236.48079685,1574.42600397
-1236.28079875,1574.42696493
-1236.08080087,1574.42801165
-1235.88080322,1574.42914680
-1235.68080589,1574.43037616
-1235.48080914,1574.43171100
-1235.28081322,1574.43316316
-1235.08081840,1574.43474446
-1234.88082492,1574.43646674
-1234.68083307,1574.43834183
-1234.48084309,1574.44038157
-1234.28085525,1574.44259779
-1234.08086981,1574.44500231
-1233.88088702,1574.44760698
-1233.68090715,1574.45042330
-1233.48093032,1574.45345265
-1233.28095649,1574.45668453
-1233.08098562,1574.46010775
-1232.88101766,1574.46371111
-1232.68105257,1574.46748344
-1232.48109029,1574.47141355
-1232.28113080,1574.47549026
-1232.08117404,1574.47970236
-1231.88121996,1574.48403869
-1231.68126853,1574.48848809
-1231.48131970,1574.49304244
-1231.28137341,1574.49769856
-1231.08142962,1574.50245374
-1230.88148827,1574.50730528
-1230.68154931,1574.51225047
-1230.48161270,1574.51728660
-1230.28167839,1574.52241095
-1230.08174631,1574.52762083
-1229.88181643,1574.53291352
-1229.68188869,1574.53828632
-1229.48196305,1574.54373689
-1229.28203951,1574.54926436
-1229.08211807,1574.55486819
-1228.88219873,1574.56054782
-1228.68228149,1574.56630270
-1228.48236637,1574.57213230
-1228.28245335,1574.57803605
-1228.08254245,1574.58401342
-1227.88263367,1574.59006386
-1227.68272701,1574.59618682
-1227.48282250,1574.60238219
-1227.28292034,1574.60865509
-1227.08302091,1574.61501412
-1226.88312457,1574.62146791
-1226.68323167,1574.62802512
-1226.48334257,1574.63469440
-1226.28345764,1574.64148439
-1226.08357723,1574.64840374
-1225.88370171,1574.65546110
-1225.68383144,1574.66266512
-1225.48396678,1574.67002443
-1225.28410804,1574.67754584
-1225.08425548,1574.68523215
-1224.88440933,1574.69308565
-1224.68456982,1574.70110862
-1224.48473719,1574.70930334
-1224.28491167,1574.71767212
-1224.08509350,1574.72621723
-1223.88528291,1574.73494096
-1223.68548014,1574.74384559
-1223.48568542,1574.75293342
-1223.28589899,1574.76220690
-1223.08612132,1574.77167047
-1222.88635297,1574.78132983
-1222.68659453,1574.79119067
-1222.48684656,1574.80125869
-1222.28710964,1574.81153960
-1222.08738436,1574.82203908
-1221.88767128,1574.83276286
-1221.68797098,1574.84371661
-1221.48828403,1574.85490606
-1221.28861102,1574.86633689
-1221.08895221,1574.87801011
-1220.88930690,1574.88991217
-1220.68967422,1574.90202667
-1220.49005327,1574.91433721
-1220.29044319,1574.92682740
-1220.09084308,1574.93948084
-1219.89125206,1574.95228114
-1219.69166926,1574.96521191
-1219.49209379,1574.97825675
-1219.29252477,1574.99139927
-1219.09296134,1575.00462330
-1218.89340298,1575.01791974
-1218.69384966,1575.03128774
-1218.49430134,1575.04472695
-1218.29475798,1575.05823700
-1218.09521957,1575.07181754
-1217.89568606,1575.08546819
-1217.69615743,1575.09918859
-1217.49663364,1575.11297838
-1217.29711467,1575.12683720
-1217.09760049,1575.14076469
-1216.89809102,1575.15475994
-1216.69858588,1575.16881740
-1216.49908451,1575.18292905
-1216.29958634,1575.19708687
-1216.10009081,1575.21128285
-1215.90059737,1575.22550896
-1215.70110545,1575.23975718
-1215.50161448,1575.25401947
-1215.30212392,1575.26828783
-1215.10263319,1575.28255422
-1214.90314173,1575.29681063
-1214.70364904,1575.31104975
-1214.50415481,1575.32526716
-1214.30465880,1575.33945909
-1214.10516074,1575.35362180
-1213.90566038,1575.36775156
-1213.70615748,1575.38184460
-1213.50665178,1575.39589718
-1213.30714303,1575.40990556
-1213.10763098,1575.42386599
-1212.90811536,1575.43777472
-1212.70859594,1575.45162799
-1212.50907236,1575.46542060
-1212.30954404,1575.47914418
-1212.11001038,1575.49278996
-1211.91047078,1575.50634919
-1211.71092465,1575.51981310
-1211.51137137,1575.53317291
-1211.31181036,1575.54641988
-1211.11224101,1575.55954522
-1210.91266271,1575.57254019
-1210.71307488,1575.58539600
-1210.51347690,1575.59810384
-1210.31386821,1575.61065202
-1210.11424829,1575.62302488
-1209.91461661,1575.63520650
-1209.71497266,1575.64718093
-1209.51531591,1575.65893223
-1209.31564583,1575.67044447
-1209.11596192,1575.68170170
-1208.91626364,1575.69268800
-1208.71655048,1575.70338741
-1208.51682191,1575.71378400
-1208.31707746,1575.72386277
-1208.11731752,1575.73362841
-1207.91754336,1575.74310439
-1207.71775624,1575.75231495
-1207.51795746,1575.76128431
-1207.31814829,1575.77003670
-1207.11833002,1575.77859634
-1206.91850392,1575.78698747
-1206.71867129,1575.79523431
-1206.51883339,1575.80336110
-1206.31899152,1575.81139204
-1206.11914687,1575.81934936
-1205.91929953,1575.82723014
-1205.71944886,1575.83501450
-1205.51959422,1575.84268222
-1205.31973493,1575.85021310
-1205.11987036,1575.85758692
-1204.91999983,1575.86478347
-1204.72012270,1575.87178255
-1204.52023830,1575.87856395
-1204.32034599,1575.88510745
-1204.12044511,1575.89139284
-1203.92053507,1575.89740127
-1203.72061603,1575.90312628
-1203.52068850,1575.90856812
-1203.32075303,1575.91372711
-1203.12081014,1575.91860354
-1202.92086036,1575.92319774
-1202.72090423,1575.92751000
-1202.52094227,1575.93154065
-1202.32097503,1575.93528999
-1202.12100303,1575.93875834
-1201.92102681,1575.94194600
-1201.72104687,1575.94485472
-1201.52106360,1575.94749594
-1201.32107730,1575.94988506
-1201.12108831,1575.95203751
-1200.92109693,1575.95396871
-1200.72110349,1575.95569409
-1200.52110831,1575.95722906
-1200.32111169,1575.95858906
-1200.12111398,1575.95978951
-1199.92111547,1575.96084582
-1199.72111649,1575.96177343
-1199.52111732,1575.96258668
-1199.32111803,1575.96329446
-1199.12111864,1575.96390398
-1198.92111914,1575.96442242
-1198.72111956,1575.96485699
-1198.52111990,1575.96521487
-1198.32112016,1575.96550326
-1198.12112037,1575.96572935
-1197.92112053,1575.96590034
-1197.72112064,1575.96602342
-1197.52112073,1575.96610579
-1197.32112079,1575.96615418
-1197.12112083,1575.96617353
-1196.92112086,1575.96616835
-1196.72112087,1575.96614318
-1196.52112087,1575.96610251
-1196.32112086,1575.96605086
-1196.12112085,1575.96599275
-1195.92112082,1575.96593268
-1195.72112080,1575.96587518
-1195.52112077,1575.96582476
-1195.32112075,1575.96578592
-1195.12112073,1575.96576220
-1194.92112071,1575.96575403
-1194.72112070,1575.96576128
-1194.52112069,1575.96578380
-1194.32112069,1575.96582144
-1194.12112070,1575.96587407
-1193.92112071,1575.96594155
-1193.72112072,1575.96602372
-1193.52112075,1575.96612045
-1193.32112078,1575.96623160
-1193.12112083,1575.96635702
-1192.92112088,1575.96649641
-1192.72112094,1575.96664906
-1192.52112101,1575.96681422
-1192.32112108,1575.96699111
-1192.12112117,1575.96717897
-1191.92112126,1575.96737703
-1191.72112137,1575.96758453
-1191.52112148,1575.96780070
-1191.32112160,1575.96802477
-1191.12112173,1575.96825598
-1190.92112186,1575.96849356
-1190.72112201,1575.96873680
-1190.52112216,1575.96898507
-1190.32112232,1575.96923778
-1190.12112248,1575.96949433
-1189.92112265,1575.96975410
-1189.72112282,1575.97001649
-1189.52112300,1575.97028091
-1189.32112318,1575.97054675
-1189.12112336,1575.97081341
-1188.92112354,1575.97108027
-1188.72112371,1575.97134675
-1188.52112389,1575.97161268
-1188.32112407,1575.97187863
-1188.12112425,1575.97214523
-1187.92112443,1575.97241313
-1187.72112461,1575.97268298
-1187.52112479,1575.97295540
-1187.32112498,1575.97323104
-1187.12112518,1575.97351054
-1186.92112538,1575.97379455
-1186.72112559,1575.97408370
-1186.52112580,1575.97437863
-1186.32112603,1575.97467988
-1186.12112626,1575.97498786
-1185.92112651,1575.97530298
-1185.72112676,1575.97562562
-1185.52112703,1575.97595619
-1185.32112732,1575.97629507
-1185.12112762,1575.97664268
-1184.92112794,1575.97699941
-1184.72112827,1575.97736566
-1184.52112863,1575.97774181
-1184.32112900,1575.97812827
-1184.12112939,1575.97852492
-1183.92112980,1575.97893117
-1183.72113023,1575.97934638
-1183.52113068,1575.97976992
-1183.32113115,1575.98020116
-1183.12113162,1575.98063946
-1182.92113212,1575.98108420
-1182.72113262,1575.98153473
-1182.52113314,1575.98199043
-1182.32113367,1575.98245067
-1182.12113421,1575.98291483
-1181.92113475,1575.98338310
-1181.72113532,1575.98385651
-1181.52113590,1575.98433618
-1181.32113649,1575.98482320
-1181.12113711,1575.98531867
-1180.92113774,1575.98582368
-1180.72113841,1575.98633935
-1180.52113910,1575.98686676
-1180.32113982,1575.98740703
-1180.12114057,1575.98796124
-1179.92114135,1575.98853073
-1179.72114219,1575.98911715
-1179.52114308,1575.98972218
-1179.32114403,1575.99034748
-1179.12114506,1575.99099475
-1178.92114617,1575.99166564
-1178.72114738,1575.99236184
-1178.52114869,1575.99308503
-1178.32115011,1575.99383687
-1178.12115165,1575.99461905
-1177.92115332,1575.99543239
-1177.72115511,1575.99627519
-1177.52115701,1575.99714523
-1177.32115902,1575.99804033
-1177.12116112,1575.99895827
-1176.92116331,1575.99989687
-1176.72116558,1576.00085392
-1176.52116792,1576.00182722
-1176.32117033,1576.00281458
-1176.12117279,1576.00381379
-1175.92117529,1576.00482256
-1175.72117783,1576.00583751
-1175.52118038,1576.00685459
-1175.32118293,1576.00786968
-1175.12118545,1576.00887872
-1174.92118794,1576.00987760
-1174.72119036,1576.01086225
-1174.52119271,1576.01182858
-1174.32119496,1576.01277249
-1174.12119710,1576.01368990
-1173.92119911,1576.01457673
-1173.72120097,1576.01542999
-1173.52120270,1576.01625011
-1173.32120428,1576.01703816
-1173.12120574,1576.01779523
-1172.92120707,1576.01852238
-1172.72120828,1576.01922070
-1172.52120937,1576.01989125
-1172.32121035,1576.02053512
-1172.12121123,1576.02115338
-1171.92121200,1576.02174711
-1171.72121268,1576.02231732
-1171.52121328,1576.02286276
-1171.32121379,1576.02337904
-1171.12121422,1576.02386150
-1170.92121459,1576.02430552
-1170.72121490,1576.02470647
-1170.52121516,1576.02505971
-1170.32121537,1576.02536061
-1170.12121554,1576.02560454
-1169.92121568,1576.02578685
-1169.72121579,1576.02590293
-1169.52121589,1576.02594850
-1169.32121598,1576.02592454
-1169.12121606,1576.02583595
-1168.92121615,1576.02568770
-1168.72121624,1576.02548478
-1168.52121635,1576.02523218
-1168.32121648,1576.02493487
-1168.12121664,1576.02459785
-1167.92121683,1576.02422609
-1167.72121707,1576.02382458
-1167.52121735,1576.02339831
-1167.32121769,1576.02295114
-1167.12121809,1576.02248127
-1166.92121859,1576.02198510
-1166.72121919,1576.02145901
-1166.52121991,1576.02089939
-1166.32122077,1576.02030263
-1166.12122179,1576.01966513
-1165.92122299,1576.01898326
-1165.72122438,1576.01825341
-1165.52122597,1576.01747199
-1165.32122780,1576.01663541
-1165.12122986,1576.01574310
-1164.92123213,1576.01479979
-1164.72123460,1576.01381072
-1164.52123725,1576.01278116
-1164.32124006,1576.01171634
-1164.12124300,1576.01062153
-1163.92124607,1576.00950198
-1163.72124923,1576.00836294
-1163.52125248,1576.00720965
-1163.32125579,1576.00604738
-1163.12125914,1576.00488107
-1162.92126253,1576.00371229
-1162.72126595,1576.00254054
-1162.52126941,1576.00136529
-1162.32127290,1576.00018599
-1162.12127643,1575.99900211
-1161.92127998,1575.99781313
-1161.72128356,1575.99661850
-1161.52128718,1575.99541768
-1161.32129082,1575.99421015
-1161.12129448,1575.99299537
-1160.92129817,1575.99177446
-1160.72130184,1575.99055317
-1160.52130548,1575.98933806
-1160.32130904,1575.98813569
-1160.12131250,1575.98695262
-1159.92131582,1575.98579540
-1159.72131898,1575.98467060
-1159.52132194,1575.98358478
-1159.32132467,1575.98254450
-1159.12132715,1575.98155631
-1158.92132933,1575.98062649
-1158.72133123,1575.97975675
-1158.52133286,1575.97894518
-1158.32133425,1575.97818979
-1158.12133542,1575.97748856
-1157.92133639,1575.97683950
-1157.72133720,1575.97624060
-1157.52133786,1575.97568986
-1157.32133840,1575.97518527
-1157.12133884,1575.97472483
-1156.92133920,1575.97430654
-1156.72133951,1575.97392743
-1156.52133978,1575.97358155
-1156.32134002,1575.97326241
-1156.12134023,1575.97296346
-1155.92134043,1575.97267822
-1155.72134062,1575.97240015
-1155.52134082,1575.97212275
-1155.32134104,1575.97183950
-1155.12134128,1575.97154389
-1154.92134156,1575.97122939
-1154.72134188,1575.97088991
-1154.52134225,1575.97052484
-1154.32134265,1575.97013752
-1154.12134308,1575.96973138
-1153.92134353,1575.96930986
-1153.72134400,1575.96887639
-1153.52134448,1575.96843440
-1153.32134496,1575.96798733
-1153.12134543,1575.96753860
-1152.92134589,1575.96709164
-1152.72134633,1575.96664990
-1152.52134675,1575.96621679
-1152.32134714,1575.96579572
-1152.12134750,1575.96539010
-1151.92134783,1575.96500335
-1151.72134814,1575.96463886
-1151.52134841,1575.96430005
-1151.32134865,1575.96399033
-1151.12134886,1575.96371309
-1150.92134904,1575.96347176
-1150.72134918,1575.96326973
-1150.52134929,1575.96310934
-1150.32134937,1575.96298694
-1150.12134942,1575.96289685
-1149.92134944,1575.96283336
-1149.72134945,1575.96279080
-1149.52134944,1575.96276346
-1149.32134941,1575.96274565
-1149.12134938,1575.96273169
-1148.92134934,1575.96271588
-1148.72134929,1575.96269252
-1148.52134925,1575.96265635
-1148.32134921,1575.96260787
-1148.12134918,1575.96255175
-1147.92134916,1575.96249277
-1147.72134914,1575.96243572
-1147.52134914,1575.96238536
-1147.32134915,1575.96234648
-1147.12134917,1575.96232384
-1146.92134920,1575.96232224
-1146.72134926,1575.96234645
-1146.52134933,1575.96240116
-1146.32134942,1575.96248799
-1146.12134952,1575.96260438
-1145.92134963,1575.96274750
-1145.72134974,1575.96291451
-1145.52134984,1575.96310257
-1145.32134994,1575.96330885
-1145.12135002,1575.96353051
-1144.92135008,1575.96376472
-1144.72135012,1575.96400863
-1144.52135012,1575.96425942
-1144.32135010,1575.96451752
-1144.12135009,1575.96479047
-1143.92135013,1575.96508675
-1143.72135025,1575.96541487
-1143.52135048,1575.96578332
-1143.32135088,1575.96620057
-1143.12135146,1575.96667514
-1142.92135227,1575.96721550
-1142.72135335,1575.96783016
-1142.52135472,1575.96852759
-1142.32135642,1575.96931248
-1142.12135842,1575.97017710
-1141.92136068,1575.97111128
-1141.72136316,1575.97210481
-1141.52136583,1575.97314751
-1141.32136866,1575.97422917
-1141.12137160,1575.97533962
-1140.92137463,1575.97646864
-1140.72137770,1575.97760605
-1140.52138078,1575.97874166
-1140.32138384,1575.97986691
-1140.12138687,1575.98097984
-1139.92138987,1575.98208015
-1139.72139281,1575.98316752
-1139.52139571,1575.98424165
-1139.32139855,1575.98530221
-1139.12140132,1575.98634890
-1138.92140402,1575.98738140
-1138.72140665,1575.98839942
-1138.52140919,1575.98940263
-1138.32141164,1575.99039065
-1138.12141399,1575.99136237
-1137.92141625,1575.99231624
-1137.72141841,1575.99325073
-1137.52142047,1575.99416427
-1137.32142243,1575.99505532
-1137.12142428,1575.99592234
-1136.92142604,1575.99676377
-1136.72142768,1575.99757807
-1136.52142921,1575.99836369
-1136.32143064,1575.99911908
-1136.12143195,1575.99984285
-1135.92143315,1576.00053589
-1135.72143426,1576.00120069
-1135.52143528,1576.00183978
-1135.32143623,1576.00245569
-1135.12143710,1576.00305097
-1134.92143792,1576.00362815
-1134.72143869,1576.00418975
-1134.52143942,1576.00473832
-1134.32144013,1576.00527638
-1134.12144082,1576.00580648
-1133.92144149,1576.00633099
-1133.72144216,1576.00684992
-1133.52144282,1576.00736146
-1133.32144346,1576.00786371
-1133.12144407,1576.00835481
-1132.92144465,1576.00883288
-1132.72144519,1576.00929603
-1132.52144569,1576.00974239
-1132.32144614,1576.01017009
-1132.12144653,1576.01057725
-1131.92144687,1576.01096198
-1131.72144713,1576.01132236
-1131.52144733,1576.01165564
-1131.32144748,1576.01195849
-1131.12144758,1576.01222758
-1130.92144764,1576.01245956
-1130.72144767,1576.01265111
-1130.52144768,1576.01279888
-1130.32144768,1576.01289953
-1130.12144767,1576.01294973
-1129.92144766,1576.01294613
-1129.72144767,1576.01288541
-1129.52144770,1576.01276517
-1129.32144776,1576.01259261
-1129.12144783,1576.01238042
-1128.92144791,1576.01214135
-1128.72144801,1576.01188817
-1128.52144812,1576.01163363
-1128.32144823,1576.01139050
-1128.12144834,1576.01117153
-1127.92144845,1576.01098948
-1127.72144856,1576.01085711
-1127.52144866,1576.01078718
-1127.32144874,1576.01078974
-1127.12144882,1576.01085809
-1126.92144889,1576.01097909
-1126.72144894,1576.01113958
-1126.52144899,1576.01132640
-1126.32144904,1576.01152641
-1126.12144907,1576.01172644
-1125.92144910,1576.01191335
-1125.72144913,1576.01207398
-1125.52144916,1576.01219518
-1125.32144918,1576.01226378
-1125.12144920,1576.01227003
-1124.92144923,1576.01221528
-1124.72144927,1576.01210317
-1124.52144933,1576.01193735
-1124.32144942,1576.01172145
-1124.12144953,1576.01145912
-1123.92144969,1576.01115402
-1123.72144988,1576.01080977
-1123.52145013,1576.01043002
-1123.32145043,1576.01001841
-1123.12145080,1576.00957857
-1122.92145124,1576.00911212
-1122.72145176,1576.00861755
-1122.52145237,1576.00809303
-1122.32145309,1576.00753677
-1122.12145392,1576.00694694
-1121.92145488,1576.00632174
-1121.72145598,1576.00565935
-1121.52145722,1576.00495796
-1121.32145863,1576.00421575
-1121.12146021,1576.00343093
-1120.92146197,1576.00260189
-1120.72146390,1576.00173040
-1120.52146600,1576.00082079
-1120.32146824,1575.99987745
-1120.12147060,1575.99890476
-1119.92147307,1575.99790713
-1119.72147563,1575.99688894
-1119.52147826,1575.99585459
-1119.32148095,1575.99480846
-1119.12148368,1575.99375496
-1118.92148643,1575.99269847
-1118.72148919,1575.99164288
-1118.52149194,1575.99058937
-1118.32149469,1575.98953821
-1118.12149744,1575.98848965
-1117.92150018,1575.98744397
-1117.72150290,1575.98640141
-1117.52150561,1575.98536225
-1117.32150830,1575.98432674
-1117.12151098,1575.98329515
-1116.92151362,1575.98226775
-1116.72151624,1575.98124478
-1116.52151884,1575.98022679
-1116.32152139,1575.97921489
-1116.12152391,1575.97821029
-1115.92152638,1575.97721419
-1115.72152881,1575.97622779
-1115.52153118,1575.97525228
-1115.32153350,1575.97428887
-1115.12153575,1575.97333877
-1114.92153794,1575.97240317
-1114.72154006,1575.97148327
-1114.52154210,1575.97058021
-1114.32154407,1575.96969362
-1114.12154597,1575.96882153
-1113.92154782,1575.96796193
-1113.72154962,1575.96711280
-1113.52155138,1575.96627211
-1113.32155312,1575.96543785
-1113.12155484,1575.96460800
-1112.92155655,1575.96378052
-1112.72155825,1575.96295341
-1112.52155997,1575.96212464
-1112.32156170,1575.96129232
-1112.12156345,1575.96045566
-1111.92156522,1575.95961447
-1111.72156702,1575.95876853
-1111.52156883,1575.95791765
-1111.32157066,1575.95706163
-1111.12157252,1575.95620027
-1110.92157440,1575.95533335
-1110.72157630,1575.95446069
-1110.52157822,1575.95358208
-1110.32158017,1575.95269731
-1110.12158214,1575.95180626
-1109.92158413,1575.95090909
-1109.72158615,1575.95000608
-1109.52158820,1575.94909747
-1109.32159027,1575.94818352
-1109.12159237,1575.94726450
-1108.92159450,1575.94634066
-1108.72159666,1575.94541225
-1108.52159886,1575.94447954
-1108.32160108,1575.94354279
-1108.12160334,1575.94260225
-1107.92160562,1575.94165879
-1107.72160792,1575.94071478
-1107.52161021,1575.93977282
-1107.32161248,1575.93883552
-1107.12161469,1575.93790550
-1106.92161684,1575.93698536
-1106.72161890,1575.93607771
-1106.52162086,1575.93518515
-1106.32162269,1575.93431030
-1106.12162437,1575.93345575
-1105.92162589,1575.93262416
-1105.72162724,1575.93181994
-1105.52162842,1575.93105051
-1105.32162945,1575.93032358
-1105.12163033,1575.92964683
-1104.92163108,1575.92902797
-1104.72163172,1575.92847469
-1104.52163224,1575.92799470
-1104.32163266,1575.92759568
-1104.12163300,1575.92728534
-1103.92163326,1575.92707138
-1103.72163345,1575.92696133
-1103.52163359,1575.92695667
-1103.32163371,1575.92705104
-1103.12163381,1575.92723757
-1102.92163394,1575.92750938
-1102.72163411,1575.92785959
-1102.52163435,1575.92828133
-1102.32163468,1575.92876771
-1102.12163511,1575.92931187
-1101.92163568,1575.92990692
-1101.72163641,1575.93054598
-1101.52163732,1575.93122225
-1101.32163842,1575.93193118
-1101.12163969,1575.93267079
-1100.92164112,1575.93343925
-1100.72164269,1575.93423472
-1100.52164440,1575.93505536
-1100.32164622,1575.93589935
-1100.12164815,1575.93676484
-1099.92165016,1575.93765001
-1099.72165224,1575.93855302
-1099.52165439,1575.93947204
-1099.32165658,1575.94040528
-1099.12165881,1575.94135285
-1098.92166111,1575.94231696
-1098.72166349,1575.94329994
-1098.52166598,1575.94430413
-1098.32166858,1575.94533187
-1098.12167133,1575.94638548
-1097.92167423,1575.94746730
-1097.72167731,1575.94857968
-1097.52168059,1575.94972493
-1097.32168408,1575.95090540
-1097.12168780,1575.95212337
-1096.92169176,1575.95337907
-1096.72169594,1575.95467002
-1096.52170033,1575.95599356
-1096.32170492,1575.95734700
-1096.12170967,1575.95872769
-1095.92171459,1575.96013295
-1095.72171965,1575.96156011
-1095.52172485,1575.96300650
-1095.32173015,1575.96446945
-1095.12173556,1575.96594630
-1094.92174104,1575.96743436
-1094.72174658,1575.96893013
-1094.52175215,1575.97042873
-1094.32175772,1575.97192513
-1094.12176323,1575.97341430
-1093.92176868,1575.97489120
-1093.72177400,1575.97635082
-1093.52177919,1575.97778813
-1093.32178419,1575.97919809
-1093.12178897,1575.98057568
-1092.92179351,1575.98191592
-1092.72179778,1575.98321755
-1092.52180183,1575.98448585
-1092.32180570,1575.98572675
-1092.12180942,1575.98694619
-1091.92181303,1575.98815012
-1091.72181658,1575.98934447
-1091.52182009,1575.99053517
-1091.32182362,1575.99172816
-1091.12182720,1575.99292939
-1090.92183087,1575.99414475
-1090.72183464,1575.99537668
-1090.52183849,1575.99662107
-1090.32184240,1575.99787311
-1090.12184633,1575.99912799
-1089.92185025,1576.00038088
-1089.72185413,1576.00162697
-1089.52185795,1576.00286144
-1089.32186168,1576.00407948
-1089.12186527,1576.00527626
-1088.92186872,1576.00644699
-1088.72187199,1576.00758993
-1088.52187513,1576.00870991
-1088.32187817,1576.00981263
-1088.12188114,1576.01090378
-1087.92188408,1576.01198906
-1087.72188701,1576.01307415
-1087.52188997,1576.01416475
-1087.32189300,1576.01526656
-1087.12189614,1576.01638527
-1086.92189940,1576.01752657
-1086.72190282,1576.01869371
-1086.52190638,1576.01988386
-1086.32191005,1576.02109319
-1086.12191380,1576.02231788
-1085.92191763,1576.02355414
-1085.72192149,1576.02479815
-1085.52192538,1576.02604610
-1085.32192926,1576.02729417
-1085.12193311,1576.02853855
-1084.92193691,1576.02977544
-1084.72194064,1576.03100131
-1084.52194428,1576.03221369
-1084.32194783,1576.03341033
-1084.12195128,1576.03458900
-1083.92195462,1576.03574744
-1083.72195784,1576.03688343
-1083.52196092,1576.03799472
-1083.32196386,1576.03907906
-1083.12196666,1576.04013422
-1082.92196929,1576.04115795
-1082.72197176,1576.04214853
-1082.52197407,1576.04310700
-1082.32197623,1576.04403533
-1082.12197826,1576.04493546
-1081.92198016,1576.04580938
-1081.72198195,1576.04665904
-1081.52198363,1576.04748641
-1081.32198523,1576.04829345
-1081.12198675,1576.04908212
-1080.92198821,1576.04985438
-1080.72198961,1576.05061194
-1080.52199095,1576.05135425
-1080.32199224,1576.05207966
-1080.12199347,1576.05278652
-1079.92199463,1576.05347316
-1079.72199573,1576.05413793
-1079.52199676,1576.05477917
-1079.32199771,1576.05539522
-1079.12199858,1576.05598442
-1078.92199938,1576.05654513
-1078.72200009,1576.05707573
-1078.52200072,1576.05757562
-1078.32200127,1576.05804489
-1078.12200174,1576.05848366
-1077.92200215,1576.05889206
-1077.72200249,1576.05927019
-1077.52200276,1576.05961819
-1077.32200299,1576.05993617
-1077.12200316,1576.06022424
-1076.92200328,1576.06048254
-1076.72200335,1576.06071115
-1076.52200339,1576.06090927
-1076.32200340,1576.06107503
-1076.12200339,1576.06120652
-1075.92200337,1576.06130182
-1075.72200334,1576.06135900
-1075.52200331,1576.06137614
-1075.32200329,1576.06135132
-1075.12200330,1576.06128261
-1074.92200333,1576.06116811
-1074.72200339,1576.06100588
-1074.52200350,1576.06079517
-1074.32200365,1576.06053759
-1074.12200386,1576.06023503
-1073.92200413,1576.05988941
-1073.72200447,1576.05950262
-1073.52200487,1576.05907657
-1073.32200536,1576.05861316
-1073.12200593,1576.05811429
-1072.92200659,1576.05758188
-1072.72200734,1576.05701781
-1072.52200819,1576.05642400
-1072.32200914,1576.05580236
-1072.12201018,1576.05515480
-1071.92201130,1576.05448324
-1071.72201249,1576.05378958
-1071.52201377,1576.05307575
-1071.32201510,1576.05234366
-1071.12201650,1576.05159522
-1070.92201795,1576.05083235
-1070.72201945,1576.05005695
-1070.52202099,1576.04927084
-1070.32202258,1576.04847486
-1070.12202420,1576.04766936
-1069.92202586,1576.04685469
-1069.72202755,1576.04603118
-1069.52202928,1576.04519918
-1069.32203105,1576.04435904
-1069.12203284,1576.04351111
-1068.92203467,1576.04265572
-1068.72203652,1576.04179322
-1068.52203841,1576.04092401
-1068.32204031,1576.04004992
-1068.12204222,1576.03917433
-1067.92204412,1576.03830069
-1067.72204599,1576.03743246
-1067.52204784,1576.03657310
-1067.32204963,1576.03572606
-1067.12205136,1576.03489480
-1066.92205301,1576.03408279
-1066.72205457,1576.03329347
-1066.52205602,1576.03253030
-1066.32205736,1576.03179585
-1066.12205859,1576.03109041
-1065.92205971,1576.03041397
-1065.72206074,1576.02976648
-1065.52206167,1576.02914791
-1065.32206251,1576.02855822
-1065.12206328,1576.02799738
-1064.92206396,1576.02746535
-1064.72206458,1576.02696211
-1064.52206514,1576.02648761
-1064.32206563,1576.02604148
-1064.12206608,1576.02562106
-1063.92206648,1576.02522273
-1063.72206684,1576.02484288
-1063.52206717,1576.02447788
-1063.32206749,1576.02412411
-1063.12206778,1576.02377797
-1062.92206807,1576.02343581
-1062.72206835,1576.02309404
-1062.52206864,1576.02274902
-1062.32206894,1576.02239722
-1062.12206925,1576.02203692
-1061.92206958,1576.02166833
-1061.72206993,1576.02129178
-1061.52207030,1576.02090757
-1061.32207067,1576.02051602
-1061.12207107,1576.02011743
-1060.92207148,1576.01971213
-1060.72207191,1576.01930041
-1060.52207236,1576.01888260
-1060.32207282,1576.01845900
-1060.12207330,1576.01803033
-1059.92207378,1576.01759842
-1059.72207427,1576.01716531
-1059.52207476,1576.01673303
-1059.32207523,1576.01630364
-1059.12207569,1576.01587917
-1058.92207612,1576.01546165
-1058.72207653,1576.01505313
-1058.52207689,1576.01465565
-1058.32207722,1576.01427124
-1058.12207749,1576.01390207
-1057.92207772,1576.01355143
-1057.72207790,1576.01322324
-1057.52207805,1576.01292143
-1057.32207816,1576.01264992
-1057.12207826,1576.01241263
-1056.92207834,1576.01221350
-1056.72207840,1576.01205645
-1056.52207846,1576.01194540
-1056.32207852,1576.01188428
-1056.12207859,1576.01187695
-1055.92207866,1576.01192355
-1055.72207874,1576.01201832
-1055.52207883,1576.01215497
-1055.32207892,1576.01232721
-1055.12207902,1576.01252876
-1054.92207911,1576.01275333
-1054.72207920,1576.01299463
-1054.52207928,1576.01324638
-1054.32207936,1576.01350229
-1054.12207943,1576.01375607
-1053.92207949,1576.01400292
-1053.72207955,1576.01424610
-1053.52207962,1576.01449159
-1053.32207972,1576.01474537
-1053.12207986,1576.01501343
-1052.92208005,1576.01530175
-1052.72208031,1576.01561632
-1052.52208065,1576.01596312
-1052.32208108,1576.01634815
-1052.12208162,1576.01677737
-1051.92208228,1576.01725661
-1051.72208305,1576.01778624
-1051.52208393,1576.01836039
-1051.32208490,1576.01897285
-1051.12208595,1576.01961742
-1050.92208705,1576.02028789
-1050.72208820,1576.02097804
-1050.52208938,1576.02168166
-1050.32209058,1576.02239255
-1050.12209178,1576.02310450
-1049.92209296,1576.02381130
-1049.72209411,1576.02450836
-1049.52209525,1576.02519812
-1049.32209640,1576.02588493
-1049.12209756,1576.02657313
-1048.92209875,1576.02726706
-1048.72209999,1576.02797106
-1048.52210129,1576.02868946
-1048.32210268,1576.02942661
-1048.12210416,1576.03018685
-1047.92210575,1576.03097452
-1047.72210747,1576.03179377
-1047.52210931,1576.03264443
-1047.32211126,1576.03352185
-1047.12211330,1576.03442119
-1046.92211540,1576.03533760
-1046.72211754,1576.03626624
-1046.52211972,1576.03720227
-1046.32212190,1576.03814084
-1046.12212406,1576.03907711
-1045.92212620,1576.04000623
-1045.72212828,1576.04092337
-1045.52213029,1576.04182413
-1045.32213222,1576.04270594
-1045.12213407,1576.04356673
-1044.92213581,1576.04440443
-1044.72213746,1576.04521694
-1044.52213900,1576.04600220
-1044.32214042,1576.04675812
-1044.12214172,1576.04748263
-1043.92214288,1576.04817365
-1043.72214391,1576.04882910
-1043.52214479,1576.04944689
-1043.32214552,1576.05002489
-1043.12214613,1576.05056090
-1042.92214662,1576.05105271
-1042.72214701,1576.05149811
-1042.52214732,1576.05189491
-1042.32214755,1576.05224088
-1042.12214772,1576.05253384
-1041.92214784,1576.05277156
-1041.72214794,1576.05295186
-1041.52214802,1576.05307251
-1041.32214809,1576.05313213
-1041.12214817,1576.05313369
-1040.92214824,1576.05308162
-1040.72214831,1576.05298035
-1040.52214838,1576.05283431
-1040.32214844,1576.05264793
-1040.12214851,1576.05242565
-1039.92214857,1576.05217189
-1039.72214862,1576.05189109
-1039.52214868,1576.05158769
-1039.32214873,1576.05126599
-1039.12214879,1576.05092540
-1038.92214890,1576.05055853
-1038.72214910,1576.05015746
-1038.52214944,1576.04971429
-1038.32214994,1576.04922114
-1038.12215065,1576.04867008
-1037.92215162,1576.04805323
-1037.72215287,1576.04736268
-1037.52215445,1576.04659053
-1037.32215640,1576.04572887
-1037.12215875,1576.04477154
-1036.92216152,1576.04372087
-1036.72216472,1576.04258189
-1036.52216835,1576.04135959
-1036.32217242,1576.04005898
-1036.12217695,1576.03868508
-1035.92218193,1576.03724288
-1035.72218738,1576.03573740
-1035.52219331,1576.03417364
-1035.32219971,1576.03255661
-1035.12220661,1576.03089136
-1034.92221396,1576.02918370
-1034.72222167,1576.02744020
-1034.52222967,1576.02566744
-1034.32223787,1576.02387201
-1034.12224618,1576.02206048
-1033.92225453,1576.02023945
-1033.72226284,1576.01841550
-1033.52227101,1576.01659520
-1033.32227896,1576.01478516
-1033.12228662,1576.01299191
-1032.92229399,1576.01121524
-1032.72230128,1576.00943861
-1032.52230875,1576.00764310
-1032.32231664,1576.00580977
-1032.12232520,1576.00391971
-1031.92233469,1576.00195400
-1031.72234535,1575.99989372
-1031.52235744,1575.99771993
-1031.32237119,1575.99541371
-1031.12238686,1575.99295615
-1030.92240466,1575.99033216
-1030.72242450,1575.98754946
-1030.52244619,1575.98462416
-1030.32246956,1575.98157238
-1030.12249440,1575.97841024
-1029.92252055,1575.97515386
-1029.72254782,1575.97181938
-1029.52257601,1575.96842291
-1029.32260494,1575.96498057
-1029.12263443,1575.96150848
-1028.92266430,1575.95802240
-1028.72269440,1575.95453220
-1028.52272463,1575.95104319
-1028.32275486,1575.94756058
-1028.12278499,1575.94408954
-1027.92281492,1575.94063528
-1027.72284452,1575.93720298
-1027.52287369,1575.93379783
-1027.32290231,1575.93042503
-1027.12293028,1575.92708976
-1026.92295750,1575.92379709
-1026.72298397,1575.92054519
-1026.52300992,1575.91732194
-1026.32303557,1575.91411440
-1026.12306115,1575.91090965
-1025.92308690,1575.90769473
-1025.72311305,1575.90445672
-1025.52313982,1575.90118266
-1025.32316744,1575.89785962
-1025.12319615,1575.89447466
-1024.92322618,1575.89101485
-1024.72325765,1575.88747301
-1024.52329039,1575.88385859
-1024.32332420,1575.88018405
-1024.12335884,1575.87646184
-1023.92339409,1575.87270441
-1023.72342975,1575.86892422
-1023.52346558,1575.86513370
-1023.32350138,1575.86134532
-1023.12353691,1575.85757151
-1022.92357196,1575.85382475
-1022.72360635,1575.85011558
-1022.52364007,1575.84644399
-1022.32367318,1575.84280628
-1022.12370575,1575.83919876
-1021.92373783,1575.83561774
-1021.72376950,1575.83205950
-1021.52380081,1575.82852035
-1021.32383182,1575.82499660
-1021.12386261,1575.82148454
-1020.92389322,1575.81798047
-1020.72392372,1575.81448121
-1020.52395408,1575.81098929
-1020.32398419,1575.80751092
-1020.12401397,1575.80405239
-1019.92404333,1575.80061995
-1019.72407217,1575.79721988
-1019.52410041,1575.79385846
-1019.32412794,1575.79054195
-1019.12415469,1575.78727661
-1018.92418056,1575.78406874
-1018.72420546,1575.78092433
-1018.52422941,1575.77784179
-1018.32425256,1575.77481093
-1018.12427505,1575.77182106
-1017.92429704,1575.76886151
-1017.72431869,1575.76592161
-1017.52434014,1575.76299069
-1017.32436154,1575.76005807
-1017.12438305,1575.75711307
-1016.92440482,1575.75414503
-1016.72442700,1575.75114325
-1016.52444979,1575.74809515
-1016.32447354,1575.74498443
-1016.12449858,1575.74179437
-1015.92452525,1575.73850822
-1015.72455389,1575.73510925
-1015.52458484,1575.73158074
-1015.32461846,1575.72790596
-1015.12465506,1575.72406817
-1014.92469501,1575.72005064
-1014.72473864,1575.71583664
-1014.52478637,1575.71141009
-1014.32483892,1575.70675706
-1014.12489706,1575.70186402
-1013.92496154,1575.69671746
-1013.72503313,1575.69130386
-1013.52511261,1575.68560970
-1013.32520072,1575.67962147
-1013.12529825,1575.67332565
-1012.92540595,1575.66670872
-1012.72552459,1575.65975716
-1012.52565499,1575.65245849
-1012.32579817,1575.64480507
-1012.12595524,1575.63679076
-1011.92612729,1575.62840939
-1011.72631542,1575.61965481
-1011.52652074,1575.61052086
-1011.32674435,1575.60100138
-1011.12698734,1575.59109021
-1010.92725081,1575.58078120
-1010.72753586,1575.57006819
-1010.52784350,1575.55894655
-1010.32817407,1575.54742130
-1010.12852769,1575.53550115
-1009.92890446,1575.52319483
-1009.72930450,1575.51051108
-1009.52972792,1575.49745862
-1009.33017481,1575.48404619
-1009.13064530,1575.47028252
-1008.93113949,1575.45617633
-1008.73165748,1575.44173636
-1008.53219943,1575.42697071
-1008.33276575,1575.41188221
-1008.13335701,1575.39647097
-1007.93397376,1575.38073709
-1007.73461658,1575.36468068
-1007.53528603,1575.34830183
-1007.33598268,1575.33160064
-1007.13670708,1575.31457722
-1006.93745980,1575.29723167
-1006.73824141,1575.27956408
-1006.53905238,1575.26157544
-1006.33989179,1575.24327850
-1006.14075776,1575.22469455
-1005.94164840,1575.20584501
-1005.74256179,1575.18675134
-1005.54349602,1575.16743498
-1005.34444920,1575.14791738
-1005.14541942,1575.12821998
-1004.94640477,1575.10836423
-1004.74740335,1575.08837158
-1004.54841332,1575.06826273
-1004.34943494,1575.04803837
-1004.15047076,1575.02767719
-1003.95152342,1575.00715679
-1003.75259558,1574.98645475
-1003.55368990,1574.96554866
-1003.35480903,1574.94441611
-1003.15595562,1574.92303467
-1002.95713234,1574.90138194
-1002.75834184,1574.87943551
-1002.55958674,1574.85717322
-1002.36086720,1574.83459448
-1002.16217920,1574.81173553
-1001.96351828,1574.78863621
-1001.76487999,1574.76533637
-1001.56625987,1574.74187587
-1001.36765348,1574.71829457
-1001.16905637,1574.69463230
-1000.97046409,1574.67092892
-1000.77187218,1574.64722429
-1000.57327620,1574.62355823
-1000.37467304,1574.59995832
-1000.17606319,1574.57641954
-999.97744770,1574.55293151
-999.77882763,1574.52948386
-999.58020406,1574.50606622
-999.38157804,1574.48266821
-999.18295064,1574.45927946
-998.98432292,1574.43588958
-998.78569594,1574.41248822
-998.58707077,1574.38906498
-998.38844771,1574.36561666
-998.18982335,1574.34217486
-997.99119315,1574.31878174
-997.79255258,1574.29547945
-997.59389710,1574.27231017
-997.39522219,1574.24931605
-997.19652330,1574.22653925
-996.99779590,1574.20402194
-996.79903545,1574.18180628
-996.60023742,1574.15993444
-996.40139775,1574.13844438
-996.20251687,1574.11733404
-996.00359773,1574.09657907
-995.80464327,1574.07615491
-995.60565648,1574.05603696
-995.40664031,1574.03620067
-995.20759774,1574.01662145
-995.00853172,1573.99727472
-994.80944522,1573.97813591
-994.61034120,1573.95918045
-994.41122257,1573.94038443
-994.21209035,1573.92174093
-994.01294369,1573.90326057
-993.81378163,1573.88495483
-993.61460320,1573.86683518
-993.41540745,1573.84891308
-993.21619342,1573.83120001
-993.01696016,1573.81370741
-992.81770670,1573.79644678
-992.61843208,1573.77942956
-992.41913536,1573.76266722
-992.21981584,1573.74617009
-992.02047338,1573.72994620
-991.82110791,1573.71400334
-991.62171935,1573.69834929
-991.42230762,1573.68299181
-991.22287265,1573.66793870
-991.02341435,1573.65319772
-990.82393265,1573.63877666
-990.62442748,1573.62468329
-990.42489875,1573.61092538
-990.22534648,1573.59750995
-990.02577108,1573.58444045
-989.82617307,1573.57171936
-989.62655299,1573.55934916
-989.42691134,1573.54733232
-989.22724866,1573.53567132
-989.02756548,1573.52436863
-988.82786231,1573.51342672
-988.62813969,1573.50284808
-988.42839813,1573.49263517
-988.22863817,1573.48279034
-988.02886040,1573.47331434
-987.82906547,1573.46420684
-987.62925403,1573.45546750
-987.42942671,1573.44709599
-987.22958417,1573.43909197
-987.02972704,1573.43145509
-986.82985597,1573.42418503
-986.62997161,1573.41728143
-986.43007459,1573.41074397
-986.23016558,1573.40457233
-986.03024525,1573.39876781
-985.83031439,1573.39333416
-985.63037377,1573.38827533
-985.43042417,1573.38359530
-985.23046638,1573.37929802
-985.03050116,1573.37538744
-984.83052932,1573.37186753
-984.63055161,1573.36874224
-984.43056883,1573.36601553
-984.23058175,1573.36369137
-984.03059109,1573.36176809
-983.83059736,1573.36022143
-983.63060101,1573.35902146
-983.43060247,1573.35813823
-983.23060219,1573.35754180
-983.03060062,1573.35720222
-982.83059820,1573.35708956
-982.63059537,1573.35717386
-982.43059259,1573.35742519
-982.23059028,1573.35781360
-982.03058888,1573.35831002
-981.83058843,1573.35889423
-981.63058880,1573.35955125
-981.43058984,1573.36026615
-981.23059141,1573.36102399
-981.03059336,1573.36180984
-980.83059555,1573.36260879
-980.63059783,1573.36340590
-980.43060006,1573.36418623
-980.23060210,1573.36493488
-980.03060380,1573.36563780
-979.83060516,1573.36629593
-979.63060624,1573.36692249
-979.43060713,1573.36753107
-979.23060791,1573.36813525
-979.03060867,1573.36874863
-978.83060949,1573.36938477
-978.63061045,1573.37005729
-978.43061163,1573.37077975
-978.23061312,1573.37156574
-978.03061500,1573.37242885
-977.83061735,1573.37338186
-977.63062016,1573.37442382
-977.43062337,1573.37554243
-977.23062691,1573.37672503
-977.03063072,1573.37795898
-976.83063472,1573.37923161
-976.63063886,1573.38053027
-976.43064306,1573.38184230
-976.23064725,1573.38315506
-976.03065137,1573.38445588
-975.83065535,1573.38573212
-975.63065914,1573.38697241
-975.43066271,1573.38817575
-975.23066611,1573.38934616
-975.03066935,1573.39048764
-974.83067246,1573.39160425
-974.63067545,1573.39269999
-974.43067836,1573.39377892
-974.23068121,1573.39484504
-974.03068402,1573.39590240
-973.83068681,1573.39695503
-973.63068960,1573.39800693
-973.43069242,1573.39906060
-973.23069525,1573.40011552
-973.03069808,1573.40117082
-972.83070091,1573.40222563
-972.63070371,1573.40327908
-972.43070649,1573.40433030
-972.23070923,1573.40537843
-972.03071192,1573.40642259
-971.83071456,1573.40746191
-971.63071712,1573.40849553
-971.43071960,1573.40952192
-971.23072199,1573.41053535
-971.03072428,1573.41152841
-970.83072645,1573.41249370
-970.63072848,1573.41342382
-970.43073037,1573.41431135
-970.23073209,1573.41514888
-970.03073364,1573.41592903
-969.83073501,1573.41664436
-969.63073617,1573.41728749
-969.43073712,1573.41785106
-969.23073786,1573.41833247
-969.03073839,1573.41873740
-968.83073875,1573.41907237
-968.63073896,1573.41934389
-968.43073904,1573.41955847
-968.23073900,1573.41972262
-968.03073888,1573.41984284
-967.83073869,1573.41992566
-967.63073845,1573.41997759
-967.43073819,1573.42000513
-967.23073793,1573.42001363
-967.03073768,1573.42000053
-966.83073747,1573.41995991
-966.63073731,1573.41988587
-966.43073722,1573.41977251
-966.23073722,1573.41961391
-966.03073733,1573.41940417
-965.83073757,1573.41913737
-965.63073795,1573.41880762
-965.43073850,1573.41840899
-965.23073923,1573.41793561
-965.03074015,1573.41738707
-964.83074122,1573.41677421
-964.63074241,1573.41610925
-964.43074369,1573.41540444
-964.23074501,1573.41467201
-964.03074635,1573.41392420
-963.83074767,1573.41317323
-963.63074893,1573.41243135
-963.43075009,1573.41171078
-963.23075113,1573.41102377
-963.03075202,1573.41037980
-962.83075278,1573.40977379
-962.63075346,1573.40919583
-962.43075411,1573.40863604
-962.23075476,1573.40808451
-962.03075546,1573.40753135
-961.83075627,1573.40696666
-961.63075721,1573.40638054
-961.43075834,1573.40576310
-961.23075970,1573.40510443
-961.03076134,1573.40439506
-960.83076323,1573.40363411
-960.63076530,1573.40282858
-960.43076749,1573.40198577
-960.23076973,1573.40111300
-960.03077193,1573.40021757
-959.83077403,1573.39930678
-959.63077596,1573.39838795
-959.43077764,1573.39746836
-959.23077900,1573.39655534
-959.03077997,1573.39565620
-958.83078053,1573.39478239
-958.63078076,1573.39395491
-958.43078078,1573.39319616
-958.23078068,1573.39252849
-958.03078058,1573.39197429
-957.83078058,1573.39155593
-957.63078079,1573.39129579
-957.43078131,1573.39121624
-957.23078225,1573.39133965
-957.03078371,1573.39168840
-956.83078579,1573.39227874
-956.63078846,1573.39309420
-956.43079167,1573.39410750
-956.23079537,1573.39529136
-956.03079950,1573.39661848
-955.83080403,1573.39806155
-955.63080888,1573.39959331
-955.43081401,1573.40118644
-955.23081938,1573.40281365
-955.03082492,1573.40444766
-954.83083058,1573.40606223
-954.63083629,1573.40764385
-954.43084197,1573.40918748
-954.23084755,1573.41068822
-954.03085293,1573.41214117
-953.83085804,1573.41354144
-953.63086279,1573.41488414
-953.43086711,1573.41616435
-953.23087091,1573.41737719
-953.03087411,1573.41851776
-952.83087664,1573.41958106
-952.63087850,1573.42055966
-952.43087980,1573.42144378
-952.23088062,1573.42222353
-952.03088108,1573.42288904
-951.83088127,1573.42343041
-951.63088129,1573.42383775
-951.43088125,1573.42410119
-951.23088124,1573.42421083
-951.03088136,1573.42415679
-950.83088172,1573.42392952
-950.63088234,1573.42353610
-950.43088319,1573.42300779
-950.23088419,1573.42237772
-950.03088530,1573.42167905
-949.83088644,1573.42094490
-949.63088756,1573.42020842
-949.43088860,1573.41950275
-949.23088950,1573.41886104
-949.03089020,1573.41831643
-948.83089064,1573.41790205
-948.63089079,1573.41763689
-948.43089071,1573.41749618
-948.23089047,1573.41744666
-948.03089015,1573.41745510
-947.83088983,1573.41748825
-947.63088958,1573.41751285
-947.43088948,1573.41749568
-947.23088960,1573.41740348
-947.03089003,1573.41720301
-946.83089082,1573.41686103
-946.63089206,1573.41635061
-946.43089373,1573.41567753
-946.23089579,1573.41485808
-946.03089821,1573.41390856
-945.83090097,1573.41284527
-945.63090402,1573.41168452
-945.43090734,1573.41044260
-945.23091089,1573.40913581
-945.03091464,1573.40778046
-944.83091856,1573.40639284
-944.63092263,1573.40498791
-944.43092691,1573.40356344
-944.23093156,1573.40210541
-944.03093673,1573.40059957
-943.83094257,1573.39903167
-943.63094921,1573.39738745
-943.43095682,1573.39565265
-943.23096553,1573.39381304
-943.03097550,1573.39185434
-942.83098688,1573.38976231
-942.63099980,1573.38752350
-942.43101418,1573.38514584
-942.23102969,1573.38266053
-942.03104598,1573.38009990
-941.83106269,1573.37749630
-941.63107950,1573.37488210
-941.43109605,1573.37228963
-941.23111200,1573.36975125
-941.03112699,1573.36729930
-940.83114069,1573.36496614
-940.63115276,1573.36278373
-940.43116312,1573.36075837
-940.23117215,1573.35885545
-940.03118027,1573.35703668
-939.83118788,1573.35526377
-939.63119541,1573.35349844
-939.43120327,1573.35170239
-939.23121186,1573.34983735
-939.03122161,1573.34786502
-938.83123293,1573.34574712
-938.63124622,1573.34344537
-938.43126171,1573.34094111
-938.23127898,1573.33827376
-938.03129753,1573.33549344
-937.83131684,1573.33265029
-937.63133641,1573.32979444
-937.43135573,1573.32697602
-937.23137427,1573.32424515
-937.03139154,1573.32165197
-936.83140701,1573.31924660
-936.63142018,1573.31707918
-936.43143072,1573.31518224
-936.23143883,1573.31353148
-936.03144486,1573.31209114
-935.83144915,1573.31082543
-935.63145204,1573.30969858
-935.43145386,1573.30867483
-935.23145494,1573.30771840
-935.03145563,1573.30679352
-934.83145627,1573.30586441
-934.63145718,1573.30489532
-934.43145865,1573.30385794
-934.23146066,1573.30276348
-934.03146310,1573.30163614
-933.83146583,1573.30050010
-933.63146874,1573.29937955
-933.43147172,1573.29829868
-933.23147463,1573.29728169
-933.03147737,1573.29635276
-932.83147981,1573.29553608
-932.63148183,1573.29485584
-932.43148333,1573.29433429
-932.23148431,1573.29397158
-932.03148484,1573.29375397
-931.83148500,1573.29366747
-931.63148488,1573.29369810
-931.43148454,1573.29383189
-931.23148408,1573.29405485
-931.03148355,1573.29435302
-930.83148305,1573.29471240
-930.63148265,1573.29511904
-930.43148243,1573.29555928
-930.23148244,1573.29603013
-930.03148271,1573.29654094
-929.83148327,1573.29710180
-929.63148414,1573.29772274
-929.43148536,1573.29841385
-929.23148695,1573.29918518
-929.03148893,1573.30004680
-928.83149134,1573.30100877
-928.63149420,1573.30208115
-928.43149753,1573.30327400
-928.23150142,1573.30459622
-928.03150606,1573.30605373
-927.83151168,1573.30765196
-927.63151848,1573.30939637
-927.43152670,1573.31129239
-927.23153654,1573.31334549
-927.03154824,1573.31556110
-926.83156200,1573.31794467
-926.63157805,1573.32050165
-926.43159660,1573.32323748
-926.23161783,1573.32615476
-926.03164147,1573.32923269
-925.83166705,1573.33243892
-925.63169409,1573.33574104
-925.43172213,1573.33910663
-925.23175068,1573.34250328
-925.03177928,1573.34589856
-924.83180745,1573.34926008
-924.63183472,1573.35255540
-924.43186062,1573.35575212
-924.23188466,1573.35881818
-924.03190669,1573.36174247
-923.83192695,1573.36454540
-923.63194573,1573.36725002
-923.43196334,1573.36987937
-923.23198006,1573.37245649
-923.03199618,1573.37500442
-922.83201201,1573.37754620
-922.63202782,1573.38010488
-922.43204393,1573.38270349
-922.23206061,1573.38536508
-922.03207809,1573.38810472
-921.83209616,1573.39089943
-921.63211451,1573.39371484
-921.43213284,1573.39651660
-921.23215084,1573.39927036
-921.03216819,1573.40194175
-920.83218458,1573.40449642
-920.63219970,1573.40690001
-920.43221324,1573.40911817
-920.23222489,1573.41111654
-920.03223435,1573.41286251
-919.83224161,1573.41435622
-919.63224693,1573.41562689
-919.43225057,1573.41670475
-919.23225278,1573.41762005
-919.03225382,1573.41840301
-918.83225395,1573.41908386
-918.63225343,1573.41969285
-918.43225253,1573.42026021
-918.23225149,1573.42081617
-918.03225057,1573.42139095
-917.83224999,1573.42200486
-917.63224974,1573.42264314
-917.43224980,1573.42328334
-917.23225011,1573.42390303
-917.03225065,1573.42447976
-916.83225137,1573.42499109
-916.63225225,1573.42541457
-916.43225323,1573.42572776
-916.23225429,1573.42590822
-916.03225539,1573.42593350
-915.83225650,1573.42578421
-915.63225761,1573.42546561
-915.43225874,1573.42499490
-915.23225991,1573.42438935
-915.03226114,1573.42366622
-914.83226245,1573.42284278
-914.63226385,1573.42193631
-914.43226536,1573.42096408
-914.23226699,1573.41994335
-914.03226878,1573.41889140
-913.83227073,1573.41782548
-913.63227284,1573.41676054
-913.43227507,1573.41570606
-913.23227737,1573.41467078
-913.03227969,1573.41366343
-912.83228199,1573.41269273
-912.63228422,1573.41176741
-912.43228632,1573.41089620
-912.23228825,1573.41008782
-912.03228995,1573.40935100
-911.83229139,1573.40869448
-911.63229252,1573.40812656
-911.43229332,1573.40764404
-911.23229387,1573.40723079
-911.03229422,1573.40686999
-910.83229442,1573.40654482
-910.63229453,1573.40623846
-910.43229461,1573.40593411
-910.23229472,1573.40561495
-910.03229492,1573.40526416
-909.83229526,1573.40486492
-909.63229580,1573.40440043
-909.43229660,1573.40385588
-909.23229764,1573.40323303
-909.03229890,1573.40254165
-908.83230034,1573.40179158
-908.63230194,1573.40099268
-908.43230365,1573.40015477
-908.23230546,1573.39928770
-908.03230733,1573.39840131
-907.83230922,1573.39750545
-907.63231110,1573.39660995
-907.43231295,1573.39572466
-907.23231475,1573.39485580
-907.03231651,1573.39399937
-906.83231826,1573.39314957
-906.63232002,1573.39230060
-906.43232183,1573.39144665
-906.23232370,1573.39058192
-906.03232567,1573.38970062
-905.83232775,1573.38879693
-905.63232999,1573.38786506
-905.43233239,1573.38689920
-905.23233499,1573.38589378
-905.03233778,1573.38484828
-904.83234075,1573.38376708
-904.63234387,1573.38265473
-904.43234712,1573.38151582
-904.23235048,1573.38035491
-904.03235392,1573.37917656
-903.83235743,1573.37798535
-903.63236097,1573.37678585
-903.43236452,1573.37558263
-903.23236807,1573.37438025
-903.03237160,1573.37318189
-902.83237513,1573.37198429
-902.63237869,1573.37078231
-902.43238232,1573.36957082
-902.23238606,1573.36834471
-902.03238993,1573.36709884
-901.83239398,1573.36582808
-901.63239823,1573.36452731
-901.43240273,1573.36319139
-901.23240749,1573.36181521
-901.03241257,1573.36039390
-900.83241793,1573.35893002
-900.63242351,1573.35743407
-900.43242924,1573.35591696
-900.23243503,1573.35438959
-900.03244082,1573.35286287
-899.83244654,1573.35134771
-899.63245210,1573.34985501
-899.43245743,1573.34839567
-899.23246246,1573.34698060
-899.03246712,1573.34562071
-898.83247136,1573.34432424
-898.63247518,1573.34309034
-898.43247862,1573.34191618
-898.23248171,1573.34079894
-898.03248447,1573.33973579
-897.83248695,1573.33872390
-897.63248918,1573.33776047
-897.43249117,1573.33684265
-897.23249297,1573.33596763
-897.03249460,1573.33513258
-896.83249610,1573.33433483
-896.63249747,1573.33357316
-896.43249873,1573.33284726
-896.23249988,1573.33215682
-896.03250092,1573.33150152
-895.83250186,1573.33088106
-895.63250271,1573.33029513
-895.43250347,1573.32974341
-895.23250415,1573.32922559
-895.03250475,1573.32874137
-894.83250528,1573.32829041
-894.63250574,1573.32787125
-894.43250614,1573.32748082
-894.23250649,1573.32711594
-894.03250679,1573.32677342
-893.83250705,1573.32645005
-893.63250727,1573.32614266
-893.43250747,1573.32584804
-893.23250764,1573.32556302
-893.03250780,1573.32528438
-892.83250794,1573.32500896
-892.63250808,1573.32473515
-892.43250822,1573.32446612
-892.23250834,1573.32420588
-892.03250846,1573.32395847
-891.83250858,1573.32372791
-891.63250868,1573.32351822
-891.43250877,1573.32333343
-891.23250885,1573.32317756
-891.03250892,1573.32305463
-890.83250898,1573.32296868
-890.63250903,1573.32292244
-890.43250906,1573.32291187
-890.23250908,1573.32293073
-890.03250910,1573.32297276
-889.83250910,1573.32303170
-889.63250910,1573.32310128
-889.43250909,1573.32317527
-889.23250907,1573.32324739
-889.03250905,1573.32331139
-888.83250903,1573.32336101
-888.63250901,1573.32339104
-888.43250898,1573.32340400
-888.23250896,1573.32340589
-888.03250894,1573.32340275
-887.83250892,1573.32340061
-887.63250892,1573.32340548
-887.43250893,1573.32342339
-887.23250894,1573.32346038
-887.03250898,1573.32352247
-886.83250903,1573.32361568
-886.63250910,1573.32374545
-886.43250919,1573.32391184
-886.23250930,1573.32411212
-886.03250944,1573.32434353
-885.83250960,1573.32460330
-885.63250978,1573.32488867
-885.43250999,1573.32519687
-885.23251022,1573.32552515
-885.03251048,1573.32587074
-884.83251076,1573.32623087
-884.63251108,1573.32660302
-884.43251142,1573.32698698
-884.23251180,1573.32738385
-884.03251221,1573.32779476
-883.83251266,1573.32822083
-883.63251315,1573.32866318
-883.43251368,1573.32912292
-883.23251426,1573.32960118
-883.03251489,1573.33009908
-882.83251556,1573.33061775
-882.63251629,1573.33115792
-882.43251706,1573.33171645
-882.23251787,1573.33228778
-882.03251869,1573.33286633
-881.83251952,1573.33344652
-881.63252034,1573.33402277
-881.43252114,1573.33458950
-881.23252190,1573.33514113
-881.03252262,1573.33567208
-880.83252328,1573.33617676
-880.63252386,1573.33665005
-880.43252437,1573.33709185
-880.23252482,1573.33750519
-880.03252520,1573.33789315
-879.83252554,1573.33825881
-879.63252583,1573.33860527
-879.43252609,1573.33893559
-879.23252632,1573.33925287
-879.03252652,1573.33956018
-878.83252671,1573.33986062
-878.63252690,1573.34015725
-878.43252709,1573.34045245
-878.23252727,1573.34074422
-878.03252745,1573.34102891
-877.83252762,1573.34130286
-877.63252778,1573.34156242
-877.43252792,1573.34180393
-877.23252805,1573.34202374
-877.03252815,1573.34221818
-876.83252822,1573.34238362
-876.63252826,1573.34251639
-876.43252827,1573.34261283
-876.23252825,1573.34266979
-876.03252821,1573.34268507
-875.83252816,1573.34265662
-875.63252813,1573.34258238
-875.43252811,1573.34246030
-875.23252813,1573.34228832
-875.03252820,1573.34206439
-874.83252833,1573.34178644
-874.63252855,1573.34145242
-874.43252885,1573.34106027
-874.23252926,1573.34060819
-874.03252980,1573.34009548
-873.83253051,1573.33952170
-873.63253139,1573.33888644
-873.43253249,1573.33818928
-873.23253382,1573.33742978
-873.03253542,1573.33660753
-872.83253731,1573.33572210
-872.63253951,1573.33477306
-872.43254205,1573.33376000
-872.23254497,1573.33268267
-872.03254824,1573.33154415
-871.83255184,1573.33035059
-871.63255572,1573.32910820
-871.43255986,1573.32782322
-871.23256421,1573.32650188
-871.03256874,1573.32515040
-870.83257340,1573.32377503
-870.63257818,1573.32238199
-870.43258302,1573.32097751
